19 0.320312 0.343099 0.105469 0.186198
23 0.418945 0.356771 0.093750 0.171875
39 0.508301 0.361328 0.086914 0.162760
35 0.590820 0.368490 0.080078 0.153646
22 0.760254 0.358073 0.084961 0.179688
20 0.318848 0.569010 0.084961 0.148438
36 0.401855 0.565755 0.077148 0.141927
3 0.613281 0.565104 0.064453 0.114583
2 0.452637 0.779948 0.098633 0.190104
6 0.543945 0.770833 0.087891 0.182292
13 0.630371 0.758464 0.081055 0.170573
10 0.710938 0.752604 0.078125 0.171875
16 0.787598 0.740885 0.077148 0.161458
38 0.552246 0.094401 0.100586 0.186198
34 0.447266 0.087891 0.109375 0.173177
