13 0.127604 0.092773 0.125000 0.140625
13 0.245443 0.095215 0.121094 0.137695
13 0.360677 0.094727 0.117188 0.140625
13 0.475911 0.095703 0.115885 0.136719
13 0.590495 0.097168 0.115885 0.131836
13 0.703125 0.097168 0.114583 0.135742
13 0.895182 0.096680 0.115885 0.138672
15 0.863932 0.768555 0.118490 0.113281
11 0.195964 0.618164 0.131510 0.136719
11 0.320312 0.616699 0.127604 0.135742
11 0.440755 0.616211 0.121094 0.132812
11 0.559896 0.615723 0.119792 0.133789
11 0.681641 0.616699 0.118490 0.135742
11 0.205729 0.773438 0.125000 0.113281
11 0.326172 0.771973 0.118490 0.116211
11 0.191406 0.943848 0.122396 0.112305
11 0.317708 0.943359 0.122396 0.113281
8 0.444661 0.768555 0.123698 0.117188
8 0.566406 0.770020 0.114583 0.120117
8 0.684896 0.769043 0.117188 0.120117
8 0.436849 0.942383 0.115885 0.115234
8 0.555990 0.941895 0.114583 0.114258
8 0.674479 0.941406 0.117188 0.117188
14 0.848958 0.940430 0.125000 0.119141
