6 0.507252 0.670216 0.103411 0.197580
16 0.805221 0.656490 0.096603 0.183707
39 0.471524 0.201273 0.103374 0.201900
23 0.362358 0.197802 0.111779 0.213069
36 0.338303 0.441283 0.090941 0.161479
13 0.608430 0.665296 0.100049 0.189698
35 0.574700 0.204891 0.100512 0.197696
19 0.246956 0.190085 0.120344 0.219134
3 0.589451 0.447833 0.076637 0.134537
20 0.245433 0.441479 0.097424 0.168134
10 0.707727 0.660728 0.099751 0.192405
2 0.401908 0.674168 0.109088 0.202177
15 0.757592 0.903981 0.106579 0.192038
22 0.798957 0.193345 0.116051 0.222847
