13 0.629482 0.759485 0.082689 0.176738
23 0.418832 0.354760 0.094358 0.172642
22 0.760793 0.358116 0.084518 0.173159
16 0.786079 0.739961 0.074630 0.159230
3 0.609970 0.563591 0.065290 0.117201
20 0.319565 0.569751 0.083713 0.153534
36 0.401071 0.565043 0.079323 0.144271
6 0.543866 0.769619 0.090657 0.186069
19 0.320254 0.348130 0.104513 0.184987
39 0.508042 0.362036 0.085210 0.161558
2 0.450137 0.777716 0.098113 0.191590
10 0.710525 0.749443 0.078948 0.170267
35 0.589053 0.365649 0.080528 0.157519
38 0.550345 0.093434 0.100675 0.186447
34 0.446676 0.088876 0.108728 0.173914
