11 0.248669 0.943370 0.146421 0.113261
11 0.247459 0.758520 0.148326 0.127467
11 0.387442 0.756589 0.141755 0.128302
11 0.390108 0.942540 0.138823 0.114920
8 0.803892 0.937298 0.142596 0.122770
11 0.369793 0.576174 0.153169 0.159786
8 0.819826 0.749485 0.146677 0.131689
11 0.218136 0.581923 0.163190 0.162782
8 0.664042 0.940116 0.131974 0.117176
8 0.529102 0.753891 0.140133 0.129164
8 0.526530 0.940348 0.136248 0.117477
8 0.674012 0.751427 0.139180 0.130783
11 0.517531 0.574253 0.150488 0.158313
11 0.823605 0.568988 0.161093 0.160736
8 0.668253 0.571148 0.150436 0.161663
8 0.518574 0.575555 0.150454 0.158800
