4 0.572343 0.587483 0.134576 0.148912
4 0.302307 0.583378 0.135929 0.150822
4 0.438071 0.584576 0.135437 0.150010
0 0.534222 0.941001 0.126763 0.117584
4 0.150875 0.934042 0.130536 0.118477
11 0.748711 0.760792 0.129364 0.123977
0 0.551426 0.754440 0.128103 0.123745
4 0.278644 0.935531 0.126991 0.117769
4 0.163733 0.583959 0.144664 0.152592
11 0.725840 0.941532 0.131587 0.114602
11 0.766950 0.593938 0.137966 0.151391
4 0.158579 0.750234 0.130528 0.120723
0 0.416847 0.754760 0.128175 0.122226
11 0.860395 0.943703 0.136888 0.112595
11 0.878217 0.763318 0.132227 0.124909
0 0.403979 0.936265 0.125551 0.120598
8 0.880200 0.763053 0.131350 0.124753
11 0.905077 0.594609 0.137643 0.151634
4 0.287934 0.753271 0.130700 0.120002
13 0.805103 0.030355 0.139139 0.060462
