16 0.497157 0.660030 0.108532 0.199425
16 0.390760 0.656999 0.104653 0.196458
3 0.499179 0.386462 0.076096 0.126561
6 0.287893 0.346055 0.106529 0.201243
2 0.078277 0.343413 0.099384 0.197637
2 0.178734 0.342734 0.110796 0.198499
13 0.189274 0.645608 0.100708 0.191995
3 0.575898 0.389318 0.074108 0.124153
6 0.395982 0.345535 0.110218 0.209412
7 0.748472 0.383828 0.090270 0.140905
10 0.288075 0.650972 0.102501 0.192447
10 0.091977 0.641842 0.095391 0.192854
7 0.658209 0.387696 0.084165 0.130389
16 0.604983 0.662009 0.106988 0.200485
