3 0.498856 0.299609 0.070554 0.112929
1 0.555156 0.828416 0.108385 0.184697
1 0.449023 0.820558 0.103385 0.182302
1 0.662375 0.827576 0.112621 0.199515
16 0.406178 0.544500 0.094737 0.170049
16 0.500263 0.545627 0.095045 0.170949
6 0.404826 0.260361 0.101225 0.196083
3 0.571526 0.300345 0.070160 0.109366
13 0.223251 0.543333 0.093196 0.169364
6 0.305253 0.265482 0.098865 0.186649
5 0.154154 0.810495 0.101316 0.170832
2 0.207558 0.263185 0.101279 0.188011
5 0.349568 0.819359 0.102635 0.181470
10 0.314410 0.542995 0.092323 0.167656
2 0.113361 0.266155 0.097030 0.185095
10 0.135565 0.541140 0.091214 0.171639
7 0.725738 0.290208 0.079377 0.127210
5 0.251150 0.815164 0.103281 0.175043
7 0.645397 0.296863 0.075645 0.114695
3 0.646435 0.296735 0.077583 0.115719
16 0.594285 0.546681 0.095619 0.173244
