4 0.606557 0.751633 0.082211 0.157036
11 0.755559 0.722147 0.079669 0.152225
11 0.683460 0.736036 0.079599 0.153260
0 0.527626 0.767086 0.086329 0.162172
16 0.422576 0.037400 0.072394 0.074800
16 0.495460 0.038206 0.072892 0.076413
15 0.352839 0.799268 0.102109 0.179298
5 0.132596 0.244705 0.107953 0.171517
1 0.409955 0.240946 0.090559 0.158982
9 0.361927 0.488073 0.094357 0.159375
1 0.494039 0.239127 0.086734 0.160314
16 0.349811 0.032787 0.078171 0.065573
1 0.322339 0.242118 0.096079 0.163378
5 0.229577 0.241988 0.099071 0.167868
8 0.825755 0.710105 0.071955 0.148720
12 0.267766 0.495968 0.101719 0.168773
15 0.256216 0.821389 0.108879 0.175345
15 0.155545 0.838848 0.120375 0.180405
16 0.563498 0.039151 0.065740 0.078302
