1 0.579372 0.779031 0.118836 0.216064
13 0.189641 0.462909 0.106645 0.191816
16 0.602383 0.461370 0.107059 0.192766
1 0.347777 0.780115 0.120046 0.213143
16 0.498611 0.461557 0.103685 0.192585
3 0.493970 0.176609 0.083855 0.138918
2 0.077867 0.152623 0.105438 0.197745
5 0.232925 0.779933 0.119948 0.211726
3 0.581233 0.176146 0.085515 0.140731
16 0.396275 0.460939 0.104719 0.190019
2 0.179535 0.148723 0.111601 0.200814
1 0.461695 0.778249 0.120330 0.217399
6 0.289695 0.149883 0.109184 0.201835
7 0.759876 0.173278 0.087237 0.144939
6 0.397779 0.145946 0.110102 0.206290
5 0.119763 0.779201 0.124771 0.208375
10 0.291753 0.462278 0.110350 0.190768
10 0.089731 0.464922 0.103205 0.193240
7 0.670725 0.176340 0.088297 0.144693
