16 0.405699 0.449920 0.090889 0.175967
1 0.576531 0.765130 0.121087 0.213380
16 0.498084 0.450828 0.098121 0.184527
2 0.148044 0.182698 0.078833 0.171025
3 0.581730 0.167155 0.088481 0.144615
3 0.495962 0.178019 0.082760 0.138043
7 0.775380 0.149520 0.102806 0.154601
16 0.600775 0.451755 0.109139 0.189543
10 0.317859 0.448431 0.087793 0.171686
1 0.465722 0.751331 0.110007 0.205949
1 0.364039 0.735464 0.099575 0.197559
6 0.407554 0.155157 0.097332 0.191693
5 0.185294 0.714148 0.091415 0.174695
13 0.238072 0.448511 0.080380 0.165961
10 0.161996 0.447367 0.077616 0.160776
5 0.272700 0.724088 0.095341 0.190480
6 0.315594 0.168768 0.088235 0.178079
2 0.227762 0.174015 0.088287 0.176941
7 0.674202 0.156339 0.091996 0.149326
