23 0.431897 0.247198 0.096302 0.183199
6 0.561354 0.668173 0.089390 0.178961
15 0.773677 0.872105 0.088079 0.192582
22 0.788610 0.249340 0.087038 0.187501
2 0.470056 0.677639 0.097109 0.186166
10 0.729730 0.650315 0.081900 0.168496
3 0.631443 0.466547 0.066478 0.118266
20 0.333989 0.470230 0.086283 0.154658
16 0.808312 0.639950 0.078880 0.159534
19 0.327152 0.240721 0.111011 0.198578
13 0.647772 0.658961 0.083269 0.170197
9 0.684833 0.890219 0.096682 0.199152
39 0.524554 0.252143 0.088386 0.173718
35 0.609182 0.256940 0.084565 0.169499
12 0.586595 0.904689 0.102465 0.190623
36 0.416199 0.466710 0.078597 0.146691
5 0.478373 0.908992 0.110400 0.177534
