15 0.740848 0.792871 0.084235 0.191612
3 0.607634 0.372146 0.066441 0.127834
23 0.396778 0.117890 0.106860 0.214162
9 0.652759 0.812140 0.095958 0.201856
5 0.445454 0.856284 0.116854 0.233048
16 0.780781 0.557992 0.075886 0.161951
10 0.703078 0.566936 0.081445 0.171393
2 0.435050 0.590243 0.102785 0.196884
12 0.554251 0.836779 0.104820 0.211133
6 0.531538 0.582830 0.092163 0.186638
13 0.620199 0.576001 0.083851 0.176799
22 0.769898 0.152091 0.090260 0.201021
20 0.288185 0.361304 0.099015 0.173757
19 0.283500 0.108839 0.120265 0.217678
39 0.497386 0.131649 0.095802 0.196402
35 0.590552 0.145959 0.088077 0.187966
36 0.379397 0.360905 0.087299 0.162691
39 0.590016 0.136154 0.088096 0.191019
