3 0.654984 0.392477 0.114386 0.113741
9 0.732447 0.766798 0.152905 0.162130
6 0.535362 0.576777 0.147875 0.159045
10 0.813457 0.560383 0.133728 0.149311
20 0.140234 0.394279 0.154218 0.148291
12 0.574549 0.783803 0.163615 0.171039
2 0.383450 0.583915 0.160569 0.164811
13 0.678285 0.568414 0.138193 0.152280
23 0.309460 0.174541 0.170714 0.187449
5 0.408052 0.800016 0.178226 0.188623
15 0.874614 0.751337 0.140660 0.159211
36 0.282484 0.392016 0.141318 0.140401
35 0.624815 0.188270 0.147906 0.168945
16 0.939714 0.553050 0.118452 0.144590
39 0.472021 0.182271 0.155199 0.177729
1 0.227556 0.824826 0.193763 0.180721
19 0.126718 0.170026 0.207949 0.197599
