23 0.366765 0.192734 0.117912 0.223237
13 0.623618 0.686149 0.104000 0.202640
10 0.726956 0.680430 0.101987 0.200408
6 0.517579 0.690603 0.108005 0.206607
16 0.827813 0.674706 0.099091 0.192418
2 0.405445 0.694526 0.114749 0.215830
3 0.605211 0.458230 0.082166 0.142212
20 0.241299 0.451915 0.102929 0.179751
35 0.589362 0.207052 0.105158 0.205646
19 0.244211 0.187230 0.129858 0.233051
36 0.340957 0.450844 0.098424 0.171116
22 0.819323 0.196635 0.117041 0.227815
39 0.480902 0.199512 0.108291 0.211786
