23 0.421955 0.278178 0.094041 0.176690
22 0.765720 0.287440 0.086711 0.177922
2 0.452638 0.698983 0.095424 0.186322
6 0.544801 0.690125 0.088468 0.183135
20 0.321481 0.488656 0.084956 0.153032
3 0.612713 0.492631 0.063489 0.116285
10 0.710390 0.676172 0.079193 0.166667
19 0.321878 0.266045 0.105030 0.191427
16 0.787215 0.668021 0.076821 0.160776
13 0.629842 0.682645 0.082055 0.172214
35 0.593733 0.290250 0.080416 0.162359
36 0.402044 0.484578 0.077545 0.144779
39 0.510007 0.285044 0.083686 0.163385
15 0.754407 0.898839 0.086742 0.189754
