23 0.473729 0.270391 0.103865 0.124846
23 0.577844 0.266467 0.108184 0.126272
23 0.481377 0.411741 0.101040 0.116308
23 0.373871 0.274143 0.096790 0.119527
17 0.151291 0.716690 0.102116 0.133945
17 0.155702 0.858406 0.103882 0.115710
23 0.385343 0.411420 0.095989 0.115414
33 0.461243 0.887798 0.109187 0.118586
21 0.249899 0.722439 0.108658 0.135070
37 0.356826 0.726691 0.111017 0.141911
20 0.191922 0.283124 0.095043 0.112283
21 0.252933 0.866909 0.102752 0.114824
20 0.105355 0.286493 0.089353 0.111365
37 0.356518 0.877417 0.105298 0.113681
23 0.580747 0.410404 0.103853 0.120721
20 0.207832 0.413432 0.092729 0.108232
20 0.121841 0.412790 0.090043 0.108187
23 0.280652 0.278374 0.095517 0.116886
38 0.140619 0.561053 0.103189 0.129647
20 0.280314 0.278271 0.094996 0.117239
23 0.294776 0.413549 0.094983 0.111560
