23 0.493460 0.284258 0.107482 0.124833
23 0.599596 0.281788 0.108024 0.125072
23 0.502625 0.425954 0.103855 0.118193
17 0.148901 0.751384 0.115154 0.142974
23 0.389365 0.288319 0.102303 0.120305
17 0.154858 0.902862 0.116422 0.119031
33 0.488478 0.917554 0.115878 0.120332
21 0.258328 0.753881 0.118063 0.140662
23 0.402223 0.426753 0.102864 0.116067
21 0.263898 0.906077 0.111962 0.114319
23 0.603604 0.425093 0.103962 0.121138
37 0.374050 0.754176 0.119020 0.147767
38 0.137233 0.586063 0.110425 0.135270
20 0.210801 0.430281 0.099211 0.113402
37 0.375998 0.912358 0.113908 0.118192
23 0.290493 0.291446 0.103340 0.118937
20 0.194946 0.295936 0.102336 0.116068
20 0.115185 0.430971 0.100475 0.113917
