2 0.126901 0.581887 0.156769 0.174985
2 0.754243 0.565555 0.167095 0.174620
2 0.283005 0.577173 0.157479 0.174209
6 0.583522 0.377179 0.149120 0.152820
6 0.140744 0.383105 0.149882 0.154537
2 0.439498 0.573650 0.155730 0.172777
6 0.437966 0.379060 0.144486 0.151976
1 0.730563 0.838005 0.212489 0.237352
2 0.907434 0.560757 0.157644 0.174820
6 0.289864 0.383174 0.149771 0.151097
6 0.732286 0.369925 0.153049 0.151436
1 0.905811 0.834230 0.185063 0.234681
1 0.882204 0.367193 0.157033 0.152632
2 0.183749 0.577983 0.191306 0.176078
