11 0.517669 0.574695 0.155969 0.160836
11 0.387646 0.755826 0.147006 0.129787
11 0.369965 0.576536 0.157035 0.163906
11 0.248907 0.943410 0.147405 0.113180
11 0.670250 0.570822 0.153065 0.164331
11 0.387900 0.942554 0.143906 0.114892
11 0.247222 0.758124 0.149323 0.128629
11 0.219959 0.581913 0.172975 0.167120
11 0.826633 0.569697 0.162545 0.163360
8 0.674135 0.751337 0.141187 0.130958
8 0.820325 0.750048 0.145336 0.130644
8 0.529368 0.753681 0.140506 0.128893
8 0.803902 0.938204 0.141298 0.123079
8 0.664026 0.940238 0.139684 0.118660
8 0.527173 0.940488 0.137289 0.118087
11 0.527497 0.940743 0.135786 0.118212
11 0.802561 0.938843 0.143624 0.120008
