11 0.769536 0.575285 0.144162 0.151973
8 0.885489 0.743761 0.131036 0.122626
11 0.632255 0.575416 0.139764 0.152027
11 0.609536 0.927419 0.135077 0.122623
11 0.756979 0.743696 0.134060 0.125151
11 0.741355 0.927203 0.134396 0.120458
8 0.870923 0.926005 0.126926 0.122909
11 0.626661 0.743749 0.133254 0.125385
11 0.906551 0.577632 0.137746 0.148146
4 0.411624 0.928678 0.135767 0.120843
11 0.886412 0.743187 0.134018 0.126094
6 0.118274 0.014310 0.143374 0.028620
13 0.770330 0.016409 0.144957 0.032818
4 0.281204 0.927808 0.127459 0.121770
13 0.910585 0.017086 0.138830 0.034173
0 0.413477 0.929101 0.131380 0.121097
7 0.156237 0.745422 0.134341 0.124032
4 0.153107 0.931557 0.138296 0.119624
