3 0.354845 0.155248 0.100531 0.107688
3 0.451907 0.159796 0.097065 0.107725
7 0.147431 0.140662 0.108776 0.111202
3 0.253700 0.148744 0.104149 0.107266
7 0.726409 0.179670 0.084378 0.098751
3 0.545718 0.166597 0.090802 0.103238
13 0.667242 0.356640 0.107704 0.130980
3 0.639279 0.172101 0.089108 0.101074
12 0.605670 0.744052 0.126175 0.153793
4 0.185717 0.964746 0.157356 0.070508
11 0.472136 0.754691 0.139186 0.152385
4 0.335542 0.955067 0.147457 0.089865
14 0.738449 0.935045 0.124814 0.129910
11 0.611031 0.945797 0.134573 0.108238
14 0.858508 0.929835 0.117835 0.135423
11 0.476974 0.945669 0.139224 0.108182
3 0.726270 0.180130 0.089720 0.097982
