11 0.623883 0.572992 0.114567 0.125308
13 0.782117 0.081465 0.117202 0.129323
13 0.460733 0.095381 0.104077 0.125286
13 0.670389 0.087083 0.110547 0.125793
13 0.563194 0.091579 0.108198 0.126050
11 0.292800 0.838964 0.102862 0.113250
11 0.513959 0.568368 0.110378 0.123432
11 0.740287 0.578901 0.122509 0.126986
13 0.361725 0.100387 0.102341 0.124304
11 0.410297 0.561466 0.105566 0.121142
13 0.264162 0.104708 0.095786 0.121169
11 0.313075 0.690769 0.098238 0.106994
11 0.515398 0.704953 0.107691 0.113920
11 0.409320 0.697528 0.104504 0.107913
8 0.495877 0.861525 0.107860 0.113796
11 0.309038 0.558000 0.101297 0.119594
11 0.623824 0.714128 0.110599 0.115203
14 0.889435 0.906429 0.129817 0.121449
15 0.917275 0.738460 0.119883 0.115408
8 0.604752 0.873294 0.112007 0.117982
11 0.737591 0.723236 0.118020 0.116348
8 0.717615 0.884278 0.122847 0.122096
11 0.394536 0.850761 0.103909 0.114949
8 0.393244 0.850031 0.106219 0.113397
11 0.714360 0.885180 0.113667 0.119580
