11 0.752234 0.760268 0.133414 0.125510
11 0.768342 0.594000 0.144902 0.152399
8 0.864147 0.943859 0.137369 0.112283
11 0.882634 0.763496 0.136424 0.127096
8 0.883486 0.762295 0.133685 0.124902
13 0.935611 0.031383 0.127877 0.062767
13 0.805440 0.030465 0.141299 0.060929
8 0.730196 0.941210 0.138052 0.116151
0 0.534778 0.939839 0.130421 0.119960
7 0.158311 0.749815 0.132081 0.120109
4 0.405116 0.936817 0.132473 0.119670
3 0.437985 0.029275 0.133407 0.058550
11 0.728427 0.940583 0.142013 0.116927
11 0.907655 0.594713 0.144432 0.152480
4 0.278233 0.935771 0.129480 0.120462
3 0.302287 0.028242 0.140924 0.056484
4 0.533055 0.938682 0.132952 0.117566
4 0.147604 0.934044 0.133952 0.118703
0 0.405385 0.936426 0.127140 0.120697
