7 0.810204 0.384385 0.116104 0.178810
7 0.929012 0.386175 0.120850 0.185117
3 0.584920 0.383125 0.108278 0.177066
10 0.319567 0.724511 0.130545 0.244483
16 0.586887 0.733308 0.135960 0.250178
16 0.450814 0.726674 0.131456 0.242160
16 0.724649 0.739306 0.139174 0.246694
10 0.066987 0.718553 0.122820 0.242855
3 0.695637 0.382768 0.113504 0.179419
6 0.462571 0.346529 0.135483 0.251464
2 0.066323 0.341633 0.132647 0.241194
6 0.331185 0.348594 0.131006 0.247631
2 0.198479 0.343508 0.132489 0.247183
13 0.192221 0.720851 0.127032 0.243983
