9 0.270609 0.752499 0.110152 0.190239
16 0.390027 0.155046 0.096307 0.179920
1 0.457333 0.466312 0.110827 0.200721
5 0.044273 0.439978 0.088408 0.201637
1 0.244204 0.454130 0.110699 0.203420
16 0.484682 0.162406 0.098556 0.182579
1 0.351606 0.461553 0.110678 0.203478
16 0.295875 0.148747 0.095092 0.172629
10 0.203966 0.146357 0.094657 0.172217
5 0.138670 0.447161 0.109350 0.204368
13 0.114784 0.146121 0.089108 0.166663
12 0.065210 0.738597 0.105033 0.186803
12 0.163253 0.747442 0.110631 0.188170
10 0.036013 0.147653 0.072026 0.162175
