7 0.776730 0.322553 0.135195 0.197927
10 0.310486 0.668937 0.104854 0.214591
13 0.213497 0.658106 0.091674 0.201358
2 0.115958 0.348771 0.087209 0.193125
2 0.205143 0.338575 0.102467 0.208975
16 0.416778 0.675978 0.115982 0.231428
7 0.919873 0.311824 0.146632 0.214877
16 0.539742 0.686716 0.132791 0.246131
3 0.531417 0.343604 0.108108 0.177330
3 0.646746 0.331954 0.123175 0.189888
6 0.418242 0.318901 0.119221 0.237968
10 0.128671 0.651147 0.083096 0.199479
6 0.309418 0.331975 0.106446 0.216021
16 0.682684 0.701437 0.153381 0.261050
