7 0.674985 0.161997 0.096347 0.147595
16 0.498261 0.450604 0.098288 0.184884
5 0.269974 0.722407 0.097963 0.189719
1 0.575291 0.766347 0.118863 0.208151
7 0.773222 0.148916 0.102874 0.158329
3 0.580691 0.167774 0.092379 0.146264
1 0.464821 0.750097 0.109200 0.205779
2 0.147827 0.185620 0.078368 0.166182
10 0.318531 0.448525 0.089754 0.171790
16 0.600632 0.451448 0.108465 0.191316
1 0.363323 0.739424 0.101133 0.195276
16 0.406306 0.447901 0.091884 0.177125
5 0.185153 0.714934 0.094587 0.175789
2 0.228195 0.177584 0.090701 0.173522
13 0.238154 0.448193 0.081775 0.164747
3 0.496096 0.176580 0.084350 0.141009
6 0.315722 0.170158 0.089498 0.175126
6 0.407404 0.157137 0.099620 0.194826
10 0.161385 0.447999 0.080809 0.158587
