19 0.328125 0.240885 0.107422 0.195312
23 0.430664 0.248047 0.101562 0.183594
39 0.524902 0.253906 0.088867 0.174479
35 0.610840 0.255859 0.083008 0.173177
22 0.788086 0.249349 0.085938 0.180990
20 0.334961 0.470052 0.085938 0.151042
36 0.416504 0.466146 0.079102 0.145833
3 0.629395 0.466146 0.067383 0.117188
2 0.470215 0.677734 0.094727 0.183594
6 0.562988 0.668620 0.088867 0.178385
13 0.648438 0.658854 0.082031 0.169271
10 0.729004 0.651693 0.083008 0.170573
16 0.808105 0.641276 0.079102 0.157552
9 0.685059 0.894531 0.092773 0.197917
15 0.772949 0.876953 0.084961 0.186198
