19 0.102214 0.284180 0.087240 0.111328
19 0.192057 0.283691 0.087240 0.110352
19 0.280599 0.277344 0.095052 0.119141
23 0.374349 0.273926 0.097656 0.122070
23 0.470703 0.269531 0.102865 0.125000
23 0.575521 0.266602 0.109375 0.126953
23 0.580729 0.411621 0.104167 0.118164
23 0.479167 0.411133 0.098958 0.115234
23 0.384766 0.412598 0.095052 0.114258
19 0.294271 0.413574 0.088542 0.112305
19 0.207031 0.413574 0.083333 0.108398
19 0.123047 0.413574 0.084635 0.106445
38 0.141927 0.560059 0.101562 0.129883
17 0.147786 0.716309 0.097656 0.135742
23 0.249349 0.722168 0.105469 0.133789
37 0.355469 0.726074 0.109375 0.145508
17 0.154948 0.858887 0.098958 0.114258
21 0.253906 0.866699 0.101562 0.114258
37 0.356120 0.876953 0.102865 0.119141
33 0.460938 0.887207 0.106771 0.122070
