19 0.097656 0.295410 0.096354 0.116211
19 0.195964 0.295898 0.097656 0.113281
19 0.292318 0.289062 0.102865 0.121094
19 0.116536 0.431152 0.095052 0.112305
19 0.211589 0.429688 0.097656 0.115234
19 0.304036 0.428711 0.097656 0.113281
23 0.390625 0.287109 0.106771 0.125000
23 0.401693 0.428711 0.102865 0.113281
23 0.491536 0.283691 0.108073 0.125977
23 0.501302 0.429688 0.104167 0.115234
23 0.598958 0.280273 0.109375 0.125000
23 0.602865 0.427246 0.104167 0.116211
38 0.137370 0.586426 0.113281 0.135742
17 0.146484 0.752930 0.113281 0.140625
17 0.154948 0.904297 0.109375 0.119141
21 0.265625 0.907227 0.111979 0.117188
21 0.258464 0.753906 0.118490 0.138672
37 0.374349 0.754395 0.115885 0.149414
33 0.376953 0.913086 0.115885 0.125000
33 0.486328 0.916016 0.115885 0.125000
