38 0.218750 0.088867 0.148438 0.171875
17 0.239583 0.301758 0.148438 0.175781
17 0.249349 0.489258 0.141927 0.152344
17 0.251953 0.687500 0.139323 0.160156
21 0.391927 0.688965 0.143229 0.163086
21 0.382161 0.488770 0.136719 0.153320
21 0.377604 0.303711 0.145833 0.175781
37 0.519531 0.298340 0.143229 0.180664
37 0.516276 0.488770 0.128906 0.145508
33 0.527344 0.689941 0.138021 0.163086
33 0.663411 0.690918 0.136719 0.168945
33 0.645182 0.489258 0.134115 0.148438
33 0.800781 0.302246 0.145833 0.172852
