10 0.708916 0.660079 0.097511 0.190073
13 0.608404 0.664724 0.100589 0.192109
22 0.799372 0.193880 0.114674 0.222211
6 0.506950 0.671067 0.103310 0.197363
20 0.246286 0.441614 0.096144 0.167404
2 0.401813 0.673379 0.107235 0.201751
19 0.247379 0.189880 0.123627 0.217292
16 0.806172 0.655943 0.096784 0.183883
3 0.588620 0.445692 0.077660 0.133479
23 0.362430 0.197965 0.111831 0.208954
15 0.757336 0.904916 0.104607 0.190169
36 0.337773 0.441606 0.091720 0.158987
35 0.575891 0.207038 0.098740 0.193916
39 0.470773 0.203438 0.104387 0.198918
