10 0.727056 0.680618 0.101797 0.198669
13 0.623716 0.686361 0.103466 0.201798
16 0.827520 0.674506 0.100002 0.192117
2 0.406010 0.697663 0.113106 0.212987
6 0.517425 0.690928 0.107046 0.204544
19 0.244991 0.186134 0.127014 0.231615
23 0.367005 0.194016 0.117312 0.224260
3 0.604904 0.457784 0.081685 0.138732
22 0.818130 0.196749 0.113376 0.229491
20 0.242386 0.449167 0.101779 0.177429
36 0.340386 0.449841 0.096019 0.168505
35 0.589671 0.207593 0.104928 0.202316
15 0.776459 0.918427 0.110579 0.162156
39 0.479571 0.201997 0.110365 0.207122
