3 0.659718 0.356032 0.071119 0.117359
23 0.464894 0.135839 0.094286 0.183125
10 0.760272 0.547313 0.090373 0.168909
6 0.580748 0.548786 0.089155 0.167966
16 0.848970 0.547227 0.088848 0.166696
19 0.367949 0.131104 0.099907 0.184658
13 0.671385 0.547461 0.088042 0.167509
2 0.490913 0.548887 0.091694 0.169360
20 0.365593 0.343464 0.077482 0.142592
15 0.802879 0.779453 0.096497 0.187634
5 0.497718 0.785091 0.104745 0.203785
9 0.703865 0.781107 0.103883 0.191787
36 0.441405 0.345007 0.075668 0.138645
1 0.392082 0.794188 0.107900 0.194674
22 0.848121 0.137299 0.104269 0.203910
35 0.647468 0.145268 0.091515 0.171644
12 0.601736 0.785919 0.103354 0.192840
39 0.555982 0.142714 0.091963 0.168558
