3 0.452294 0.160122 0.098587 0.106766
3 0.638691 0.172126 0.090520 0.101827
3 0.547286 0.164594 0.092559 0.104227
12 0.604403 0.744629 0.125207 0.152871
3 0.355335 0.154002 0.100510 0.108965
3 0.254087 0.148126 0.103043 0.106366
13 0.666258 0.356683 0.108550 0.131650
11 0.472150 0.756155 0.135198 0.152394
14 0.738166 0.934867 0.124761 0.128185
4 0.185897 0.965044 0.160166 0.069912
11 0.611072 0.946026 0.131061 0.106711
4 0.335861 0.954745 0.148129 0.090462
14 0.858977 0.929297 0.119717 0.135683
7 0.147792 0.140519 0.111718 0.110297
11 0.476783 0.946061 0.139385 0.107008
3 0.727108 0.179262 0.089175 0.099274
