1 0.661847 0.827547 0.111561 0.203349
6 0.404638 0.261575 0.100786 0.194036
1 0.554433 0.828187 0.107015 0.187448
10 0.314117 0.543532 0.094182 0.169385
16 0.407043 0.544386 0.094939 0.168152
16 0.500498 0.544421 0.094958 0.169394
6 0.305957 0.263909 0.099756 0.188387
1 0.449272 0.823502 0.104653 0.184861
10 0.137914 0.536443 0.088907 0.182297
3 0.499396 0.298736 0.072097 0.112103
13 0.224296 0.543666 0.091940 0.170494
3 0.570158 0.299587 0.070996 0.112393
2 0.111146 0.264325 0.094296 0.183983
5 0.349499 0.818542 0.104955 0.181657
5 0.156334 0.811103 0.105884 0.171248
2 0.207061 0.263658 0.100661 0.187864
5 0.249851 0.816479 0.108849 0.173728
7 0.646060 0.296524 0.077249 0.115664
7 0.726381 0.291311 0.083201 0.125309
1 0.346687 0.818020 0.105686 0.180557
