1 0.351221 0.461621 0.112171 0.203476
1 0.243151 0.453682 0.110629 0.204365
5 0.137914 0.447385 0.109855 0.204821
16 0.389853 0.155892 0.095929 0.180400
10 0.203454 0.145453 0.094709 0.171470
1 0.455376 0.464750 0.110633 0.200303
16 0.484252 0.163002 0.098643 0.181952
5 0.044526 0.437749 0.089052 0.203090
13 0.113983 0.147167 0.089305 0.166757
16 0.296139 0.150491 0.094776 0.171688
9 0.270561 0.752130 0.110919 0.192613
10 0.036015 0.148861 0.072030 0.162495
12 0.065864 0.736483 0.104085 0.186237
12 0.163817 0.747291 0.110258 0.187878
