16 0.460723 0.749087 0.135355 0.258937
2 0.074664 0.359637 0.125983 0.237386
7 0.821506 0.392424 0.113155 0.178203
10 0.325349 0.746939 0.135145 0.261266
3 0.592659 0.392967 0.110018 0.174557
6 0.338478 0.363561 0.133258 0.250925
16 0.598934 0.752864 0.140488 0.267389
10 0.072936 0.736028 0.117318 0.249311
13 0.196017 0.741261 0.128999 0.255351
7 0.936934 0.389872 0.111956 0.185342
2 0.203926 0.356784 0.136057 0.247355
16 0.741598 0.754598 0.145719 0.262703
3 0.705730 0.390180 0.115236 0.183667
6 0.471083 0.359222 0.137643 0.247378
