3 0.597168 0.149089 0.081055 0.147135
2 0.408691 0.384115 0.106445 0.200521
6 0.511719 0.382161 0.101562 0.194010
13 0.608887 0.376302 0.094727 0.187500
10 0.705078 0.372396 0.099609 0.187500
16 0.803223 0.366536 0.100586 0.180990
1 0.309082 0.656250 0.120117 0.203125
5 0.424805 0.638672 0.115234 0.207031
12 0.534668 0.630208 0.110352 0.195312
9 0.640137 0.621094 0.108398 0.200521
15 0.741211 0.608724 0.101562 0.186198
20 0.244629 0.134115 0.096680 0.184896
36 0.335938 0.135417 0.091797 0.177083
