4 0.157552 0.575684 0.148438 0.149414
4 0.298828 0.574707 0.144531 0.149414
4 0.439453 0.573730 0.139323 0.149414
4 0.158854 0.746582 0.135417 0.122070
4 0.160807 0.932617 0.126302 0.117188
0 0.291667 0.745117 0.130208 0.125000
0 0.425781 0.743652 0.130208 0.124023
0 0.285807 0.929688 0.126302 0.121094
0 0.413411 0.929199 0.128906 0.120117
11 0.632161 0.575195 0.131510 0.148438
11 0.766927 0.575684 0.135417 0.151367
11 0.625000 0.743652 0.127604 0.127930
11 0.752604 0.743164 0.127604 0.123047
11 0.606771 0.927734 0.125000 0.125000
11 0.741536 0.926758 0.128906 0.121094
8 0.866536 0.926270 0.123698 0.124023
8 0.881510 0.743652 0.132812 0.122070
8 0.904948 0.578125 0.143229 0.150391
