4 0.164714 0.585938 0.141927 0.150391
4 0.304036 0.584473 0.139323 0.149414
4 0.436849 0.586914 0.131510 0.150391
4 0.570312 0.587402 0.132812 0.149414
4 0.159505 0.751465 0.126302 0.125977
4 0.287760 0.752930 0.130208 0.123047
4 0.151042 0.934570 0.127604 0.119141
4 0.280599 0.936035 0.128906 0.120117
0 0.415365 0.754883 0.130208 0.126953
0 0.551432 0.756348 0.126302 0.125977
0 0.404948 0.937012 0.127604 0.124023
0 0.532552 0.939453 0.127604 0.121094
11 0.765625 0.593262 0.138021 0.153320
11 0.902344 0.596191 0.138021 0.155273
11 0.751302 0.760254 0.125000 0.127930
11 0.880859 0.766602 0.131510 0.130859
11 0.725260 0.940918 0.127604 0.118164
11 0.864583 0.943359 0.135417 0.113281
