13 0.052734 0.062500 0.102865 0.123047
13 0.161458 0.062500 0.125000 0.123047
13 0.368490 0.063965 0.125000 0.125977
13 0.492188 0.063965 0.122396 0.125977
13 0.618490 0.064941 0.127604 0.127930
13 0.745443 0.064453 0.123698 0.126953
13 0.871745 0.063477 0.126302 0.125000
15 0.408854 0.770020 0.122396 0.118164
15 0.532552 0.770020 0.122396 0.120117
15 0.654948 0.770020 0.125000 0.122070
15 0.779297 0.770508 0.121094 0.117188
15 0.902344 0.772461 0.119792 0.119141
8 0.075521 0.608398 0.127604 0.138672
8 0.205729 0.607910 0.127604 0.135742
8 0.100260 0.766602 0.122396 0.121094
8 0.223958 0.767578 0.122396 0.119141
8 0.093099 0.941406 0.115885 0.117188
8 0.214844 0.941406 0.127604 0.117188
14 0.518229 0.615234 0.127604 0.134766
14 0.645833 0.617188 0.127604 0.134766
14 0.776693 0.616699 0.131510 0.137695
14 0.904948 0.617188 0.140625 0.138672
14 0.389974 0.943848 0.126302 0.112305
14 0.512370 0.944336 0.121094 0.111328
14 0.763672 0.945312 0.128906 0.109375
