2 0.112227 0.271164 0.100446 0.188492
2 0.207093 0.263724 0.109127 0.190146
6 0.304439 0.267030 0.102927 0.190146
6 0.403026 0.265377 0.101687 0.200066
3 0.500372 0.300099 0.075645 0.117394
3 0.571677 0.299272 0.069444 0.109127
7 0.646701 0.295966 0.080605 0.119048
7 0.726687 0.292659 0.086806 0.122354
10 0.135789 0.544808 0.097966 0.163690
13 0.224454 0.543981 0.094246 0.168651
10 0.314980 0.544808 0.094246 0.170304
16 0.405214 0.544683 0.094236 0.172138
16 0.502277 0.545940 0.092351 0.172137
5 0.155155 0.809296 0.109765 0.172460
5 0.248603 0.815230 0.111545 0.177998
5 0.350359 0.821163 0.105019 0.183535
1 0.450038 0.824327 0.106205 0.185117
1 0.555056 0.830261 0.106205 0.185909
1 0.661558 0.828678 0.111545 0.200149
