2 0.115327 0.345569 0.084325 0.198413
2 0.204613 0.332341 0.101687 0.214947
6 0.307540 0.329861 0.106647 0.219907
6 0.418527 0.314980 0.122768 0.243056
3 0.531994 0.341435 0.106647 0.180225
3 0.645461 0.329861 0.117808 0.193452
7 0.778150 0.319114 0.130208 0.201720
7 0.921999 0.308366 0.142609 0.216601
10 0.128968 0.650628 0.081845 0.200066
13 0.213294 0.661376 0.094246 0.211640
10 0.308780 0.670470 0.101687 0.219907
16 0.415427 0.683697 0.111607 0.239749
16 0.539435 0.694444 0.133929 0.248016
16 0.682664 0.706845 0.152530 0.262897
