3 0.601562 0.410156 0.066406 0.122396
2 0.436523 0.623047 0.099609 0.196615
6 0.530273 0.611979 0.089844 0.179688
13 0.614258 0.605469 0.087891 0.174479
10 0.698730 0.598958 0.081055 0.171875
16 0.775391 0.591797 0.078125 0.160156
5 0.447754 0.880208 0.112305 0.218750
12 0.554199 0.861328 0.104492 0.207031
9 0.651855 0.839193 0.096680 0.201823
15 0.740234 0.819661 0.085938 0.186198
19 0.291992 0.161458 0.117188 0.213542
23 0.400391 0.176432 0.099609 0.196615
39 0.496582 0.188151 0.090820 0.188802
35 0.583496 0.198568 0.084961 0.170573
22 0.760254 0.199219 0.086914 0.184896
20 0.295898 0.401693 0.091797 0.160156
36 0.381836 0.402995 0.082031 0.152344
