8 0.171131 0.167824 0.131448 0.262897
8 0.296843 0.165855 0.131930 0.263860
11 0.425946 0.166483 0.128161 0.262604
4 0.555049 0.167112 0.130046 0.266373
0 0.687451 0.162714 0.144181 0.272656
12 0.311450 0.502591 0.121564 0.246270
0 0.823150 0.157688 0.136642 0.277682
9 0.433014 0.508245 0.123449 0.250039
14 0.688864 0.515156 0.131930 0.246270
14 0.823621 0.520182 0.120622 0.253809
5 0.316632 0.816082 0.116852 0.224909
1 0.435888 0.827546 0.120288 0.233135
1 0.557106 0.832168 0.123988 0.230103
15 0.681512 0.838312 0.128176 0.244624
