1 0.582217 0.781250 0.117808 0.213294
1 0.465650 0.781250 0.117808 0.213294
1 0.347842 0.782077 0.122768 0.214947
5 0.231895 0.782903 0.121528 0.213294
5 0.120908 0.781250 0.130208 0.206680
16 0.603299 0.462963 0.107887 0.191799
16 0.497892 0.460483 0.102927 0.190146
16 0.394345 0.460483 0.109127 0.190146
10 0.292659 0.462136 0.114087 0.193452
13 0.189732 0.464616 0.109127 0.191799
10 0.090526 0.464616 0.101687 0.191799
2 0.074405 0.157077 0.104167 0.188492
2 0.179812 0.148810 0.111607 0.198413
6 0.290799 0.149636 0.110367 0.193452
6 0.396205 0.146329 0.115327 0.203373
3 0.494172 0.178571 0.090526 0.142196
3 0.582837 0.177745 0.086806 0.143849
7 0.669023 0.180225 0.090526 0.142196
7 0.758929 0.176918 0.086806 0.142196
