1 0.577672 0.766698 0.118514 0.219813
1 0.465448 0.748601 0.104610 0.208337
1 0.362825 0.737125 0.099313 0.199509
5 0.271125 0.726973 0.096003 0.189799
5 0.184392 0.713290 0.096003 0.178323
10 0.162543 0.448896 0.078788 0.161550
13 0.238352 0.448896 0.080775 0.163315
10 0.317802 0.447572 0.091368 0.171260
16 0.405860 0.448455 0.090044 0.173026
16 0.498553 0.450220 0.096665 0.183619
16 0.600845 0.450220 0.109245 0.192447
2 0.148639 0.188475 0.078789 0.165081
2 0.227758 0.175233 0.086071 0.179205
6 0.315154 0.168612 0.087396 0.183619
6 0.408509 0.155370 0.097989 0.197744
3 0.498222 0.176998 0.084085 0.145659
3 0.581314 0.167729 0.087396 0.148308
7 0.674999 0.158460 0.096003 0.152722
7 0.775637 0.147425 0.103948 0.164198
