19 0.248047 0.190104 0.119141 0.218750
23 0.361816 0.195964 0.114258 0.214844
39 0.470215 0.201172 0.106445 0.201823
35 0.574707 0.207031 0.106445 0.200521
22 0.800293 0.192057 0.116211 0.227865
20 0.245605 0.443359 0.096680 0.167969
36 0.339355 0.442708 0.092773 0.164062
3 0.590820 0.448568 0.080078 0.136719
2 0.403320 0.673828 0.109375 0.201823
6 0.508301 0.667318 0.102539 0.194010
13 0.608887 0.666016 0.098633 0.194010
10 0.708984 0.662109 0.099609 0.194010
16 0.807129 0.656901 0.098633 0.186198
