23 0.416554 0.366219 0.093233 0.172998
16 0.782356 0.751812 0.075625 0.161941
6 0.540753 0.778392 0.089404 0.185345
3 0.608060 0.577322 0.063276 0.114555
10 0.705648 0.760104 0.078600 0.172567
20 0.316718 0.577588 0.084707 0.152399
13 0.626970 0.768884 0.083203 0.178040
19 0.318307 0.353113 0.104631 0.185904
22 0.757369 0.370799 0.082269 0.171593
2 0.447746 0.789559 0.097855 0.198232
36 0.397171 0.573221 0.077467 0.144561
35 0.503460 0.371507 0.084947 0.160911
5 0.446561 0.787000 0.099029 0.198907
35 0.397318 0.573066 0.075662 0.143122
36 0.586113 0.375476 0.077435 0.155019
35 0.586056 0.377549 0.077390 0.152115
36 0.505723 0.372108 0.082654 0.159988
35 0.756515 0.370761 0.085235 0.169861
36 0.757893 0.369544 0.080628 0.173803
