17 0.253690 0.834216 0.099436 0.192706
18 0.238888 0.595864 0.101330 0.187049
10 0.842924 0.378821 0.094337 0.171625
12 0.880322 0.625163 0.107398 0.196839
24 0.411210 0.184698 0.071020 0.132053
12 0.773879 0.619963 0.104236 0.201652
24 0.479776 0.185608 0.069188 0.131829
3 0.766802 0.181160 0.075619 0.129861
20 0.341162 0.182631 0.068258 0.129260
20 0.272266 0.182289 0.066954 0.127253
0 0.662081 0.864535 0.104623 0.193379
10 0.869319 0.873048 0.106518 0.200590
12 0.968267 0.623737 0.063466 0.196027
9 0.764458 0.868144 0.101312 0.196356
9 0.869004 0.872414 0.105885 0.199744
5 0.661217 0.863396 0.106951 0.193628
35 0.471418 0.373025 0.089656 0.163180
23 0.411192 0.183326 0.068383 0.130794
