3 0.631639 0.466422 0.064892 0.118998
23 0.432613 0.246753 0.096015 0.183076
6 0.560616 0.665510 0.089293 0.180412
13 0.647955 0.658009 0.083137 0.169858
16 0.807134 0.642492 0.075333 0.160913
19 0.329345 0.237921 0.112691 0.200128
15 0.773982 0.872967 0.086362 0.192554
2 0.469966 0.678402 0.096946 0.186187
10 0.730158 0.648882 0.082601 0.167088
20 0.333490 0.469008 0.086578 0.153736
9 0.684843 0.891771 0.097406 0.199924
22 0.788957 0.248245 0.088693 0.184408
35 0.609166 0.257451 0.086741 0.165279
36 0.413439 0.465322 0.076353 0.147006
