6 0.535466 0.576901 0.150025 0.162439
3 0.654580 0.392906 0.114794 0.113361
16 0.938820 0.553089 0.117179 0.143921
13 0.677586 0.567399 0.137700 0.152960
20 0.140572 0.393336 0.149829 0.148256
5 0.407411 0.800660 0.177921 0.187593
19 0.130589 0.169694 0.198302 0.192011
15 0.874414 0.752551 0.137022 0.159661
12 0.573934 0.784801 0.163152 0.171424
2 0.383745 0.584908 0.160406 0.167819
10 0.813663 0.559460 0.137543 0.151143
9 0.732376 0.766115 0.152910 0.165399
23 0.308849 0.176576 0.172869 0.186423
36 0.281700 0.392341 0.142254 0.142760
35 0.623971 0.189289 0.144871 0.166142
8 0.472489 0.185374 0.154093 0.170546
1 0.226971 0.827216 0.201087 0.183947
39 0.470854 0.181942 0.163530 0.176214
39 0.307331 0.175445 0.164431 0.185097
20 0.125198 0.168378 0.198350 0.199670
