13 0.623302 0.685674 0.104513 0.202823
16 0.826733 0.674864 0.099278 0.192370
3 0.605695 0.458045 0.083074 0.142028
19 0.244392 0.184177 0.130340 0.231604
6 0.517418 0.690807 0.110436 0.208250
10 0.727656 0.679643 0.105930 0.201783
15 0.776698 0.916330 0.110939 0.165946
2 0.406125 0.696352 0.114367 0.216240
20 0.241876 0.449179 0.104066 0.178201
23 0.366862 0.192895 0.117085 0.223346
22 0.818565 0.197100 0.115374 0.228822
36 0.338818 0.449544 0.094205 0.172883
39 0.481532 0.201336 0.110774 0.209860
2 0.514733 0.690410 0.106732 0.213987
35 0.590304 0.206861 0.104845 0.199733
35 0.481200 0.202242 0.109529 0.205681
