3 0.611832 0.566163 0.064505 0.119056
6 0.544138 0.767891 0.089597 0.184804
23 0.418980 0.354982 0.092726 0.172257
19 0.319702 0.344023 0.105017 0.188112
13 0.629804 0.758715 0.083937 0.178130
20 0.320538 0.567802 0.085229 0.156328
16 0.786556 0.740046 0.075478 0.163707
10 0.710391 0.749263 0.081183 0.168777
2 0.452371 0.778241 0.098982 0.194184
15 0.756642 0.939950 0.085072 0.120101
22 0.760953 0.360336 0.083691 0.173972
35 0.588176 0.365635 0.079290 0.156275
36 0.588116 0.365762 0.078544 0.154846
36 0.505846 0.360946 0.084559 0.159290
36 0.400567 0.566941 0.078766 0.145055
35 0.400200 0.563500 0.076358 0.146572
35 0.508278 0.363767 0.084747 0.159723
5 0.450019 0.778698 0.100127 0.195471
