12 0.601158 0.784913 0.102610 0.197153
15 0.803946 0.777670 0.096536 0.188803
6 0.581546 0.548138 0.090692 0.168674
3 0.659941 0.354029 0.070817 0.121978
23 0.464532 0.135140 0.094018 0.180318
20 0.364755 0.343251 0.077431 0.141531
9 0.704929 0.779817 0.103322 0.195839
5 0.498382 0.784350 0.104638 0.201645
16 0.850069 0.547471 0.088181 0.169292
10 0.761590 0.547044 0.092298 0.168853
13 0.671398 0.549082 0.088613 0.170694
19 0.367939 0.130911 0.099958 0.184672
2 0.490099 0.547111 0.092540 0.175163
36 0.441127 0.346292 0.073415 0.140292
