15 0.793949 0.680543 0.111950 0.219925
5 0.410324 0.728296 0.148080 0.254111
12 0.550902 0.709336 0.133605 0.242204
16 0.890002 0.393914 0.116577 0.221485
3 0.659169 0.100783 0.108974 0.201566
10 0.775120 0.394773 0.121090 0.229003
9 0.676631 0.693535 0.127176 0.232002
20 0.173377 0.094169 0.143250 0.184056
2 0.394671 0.402684 0.142335 0.259653
13 0.656707 0.401118 0.125145 0.242159
9 0.772705 0.396087 0.119605 0.230095
1 0.254713 0.751326 0.174533 0.250476
35 0.307051 0.096203 0.130677 0.192407
