23 0.480706 0.412382 0.099374 0.114120
19 0.192817 0.282193 0.094090 0.112745
23 0.472817 0.270364 0.103520 0.122328
17 0.148503 0.716958 0.103129 0.131374
19 0.295813 0.412751 0.092390 0.111207
17 0.155978 0.859628 0.100240 0.112621
19 0.281591 0.277410 0.093836 0.116132
23 0.580243 0.412543 0.101807 0.115059
19 0.208144 0.412973 0.091126 0.109553
19 0.122924 0.412867 0.086345 0.107304
23 0.575218 0.267088 0.108415 0.124495
23 0.374493 0.273535 0.096941 0.120355
23 0.385645 0.412476 0.094458 0.113021
21 0.250764 0.721676 0.109036 0.133709
21 0.254345 0.867655 0.103440 0.116978
33 0.355748 0.878132 0.104429 0.116479
19 0.105464 0.285053 0.085315 0.110401
33 0.462447 0.887073 0.109663 0.120207
37 0.356842 0.726190 0.108226 0.141447
37 0.356636 0.876639 0.104461 0.116405
