6 0.497168 0.209270 0.169660 0.175497
6 0.328759 0.209959 0.171836 0.174476
6 0.160095 0.204832 0.173864 0.179607
6 0.664918 0.206750 0.175640 0.175835
2 0.327214 0.430181 0.170138 0.189745
2 0.156711 0.431336 0.171768 0.190229
2 0.494802 0.427850 0.171435 0.187876
5 0.589490 0.704876 0.203332 0.236370
2 0.838231 0.425133 0.175570 0.192502
6 0.833160 0.206070 0.171821 0.181857
2 0.832948 0.204506 0.169082 0.182109
2 0.956607 0.203900 0.086729 0.181776
2 0.328488 0.210686 0.171418 0.177238
5 0.325437 0.428900 0.171732 0.189928
5 0.494573 0.427811 0.171152 0.188325
