16 0.359222 0.459999 0.165759 0.183464
16 0.195383 0.460988 0.167712 0.184115
16 0.524666 0.458806 0.169099 0.183544
16 0.689974 0.454935 0.170348 0.188101
16 0.861316 0.453037 0.175661 0.189230
15 0.853598 0.726165 0.201383 0.228945
15 0.450433 0.729684 0.195364 0.230949
15 0.247302 0.729982 0.196290 0.233330
8 0.444352 0.965090 0.210057 0.069594
15 0.649871 0.728046 0.202941 0.232954
8 0.232460 0.963044 0.196005 0.073775
11 0.647693 0.957746 0.210898 0.083923
0 0.856748 0.961124 0.204643 0.077752
