6 0.615577 0.355065 0.159619 0.152896
6 0.464708 0.361266 0.149513 0.151007
6 0.316833 0.367204 0.150620 0.156333
2 0.154367 0.568156 0.154317 0.177590
2 0.308627 0.563536 0.156552 0.177415
2 0.465028 0.559653 0.156683 0.177495
2 0.922007 0.343140 0.155696 0.164198
2 0.792013 0.553222 0.174147 0.184064
6 0.168001 0.367593 0.149847 0.158082
5 0.559362 0.835314 0.206577 0.248546
2 0.768764 0.350861 0.162490 0.163188
6 0.773246 0.350746 0.163406 0.161962
2 0.933873 0.548497 0.132255 0.186715
2 0.166074 0.368020 0.154530 0.159022
2 0.625969 0.563868 0.165318 0.165361
6 0.924083 0.343276 0.151834 0.164449
5 0.789163 0.551607 0.173528 0.184956
