6 0.584560 0.377818 0.152055 0.155202
2 0.438610 0.571759 0.156421 0.173403
6 0.437610 0.381168 0.146235 0.152333
2 0.283202 0.575475 0.156462 0.177523
5 0.533272 0.841511 0.201249 0.242251
6 0.140105 0.383598 0.154415 0.154146
6 0.289626 0.383740 0.151154 0.150215
2 0.885543 0.367762 0.162784 0.153434
2 0.128221 0.582409 0.158506 0.177400
2 0.732696 0.371446 0.155645 0.152729
2 0.755142 0.565984 0.170193 0.177422
2 0.910552 0.561728 0.161899 0.176724
6 0.732969 0.371111 0.155818 0.152987
2 0.290134 0.383143 0.149380 0.154794
