32 0.243802 0.495626 0.173210 0.192941
27 0.707745 0.861938 0.221834 0.260463
28 0.902631 0.882883 0.174999 0.204190
30 0.676241 0.446194 0.254950 0.288040
26 0.468209 0.843006 0.271996 0.304995
29 0.900769 0.432472 0.190194 0.306904
31 0.440462 0.465818 0.222511 0.245130
46 0.504749 0.095942 0.225766 0.191705
42 0.502597 0.096993 0.228396 0.192562
46 0.715735 0.095347 0.211826 0.190693
42 0.269206 0.096635 0.260625 0.193270
30 0.441551 0.467844 0.223823 0.244539
25 0.191023 0.836136 0.284653 0.325720
26 0.192603 0.836504 0.285444 0.324316
