29 0.631285 0.790971 0.207844 0.236857
32 0.092123 0.814054 0.133669 0.146353
42 0.280108 0.505707 0.190830 0.211606
31 0.237926 0.806280 0.170805 0.182183
29 0.420358 0.791154 0.208631 0.231014
42 0.643164 0.501715 0.187645 0.209035
30 0.422816 0.794361 0.208142 0.220578
45 0.847002 0.804608 0.231236 0.217418
42 0.814263 0.527941 0.165209 0.175649
43 0.818944 0.525566 0.163843 0.169498
40 0.846987 0.803728 0.232937 0.215986
46 0.642979 0.505765 0.183603 0.213743
42 0.097845 0.484838 0.195691 0.240510
30 0.237480 0.807086 0.170991 0.186452
