42 0.416542 0.572456 0.169901 0.188199
43 0.857729 0.585328 0.124238 0.140331
32 0.211754 0.872441 0.131386 0.141359
29 0.708746 0.818063 0.177403 0.210875
31 0.359238 0.853095 0.164931 0.176334
30 0.531457 0.828887 0.183491 0.204981
30 0.358251 0.852626 0.164094 0.175590
42 0.718372 0.567046 0.152541 0.178159
42 0.572505 0.568179 0.156583 0.180524
42 0.233519 0.557110 0.205767 0.225056
29 0.533202 0.825369 0.177298 0.206200
46 0.572710 0.568523 0.157360 0.181484
40 0.878622 0.817021 0.175800 0.187360
