32 0.311083 0.451274 0.190952 0.196231
27 0.789232 0.827569 0.215160 0.259982
29 0.753963 0.401733 0.247513 0.291073
31 0.517431 0.423583 0.228180 0.250277
26 0.547475 0.812293 0.275075 0.318723
25 0.265779 0.812059 0.294888 0.358446
30 0.755296 0.404372 0.253294 0.295665
30 0.520888 0.425337 0.229213 0.247162
42 0.587613 0.072446 0.228671 0.144892
46 0.799408 0.074587 0.207384 0.149173
42 0.343978 0.069753 0.276837 0.139357
46 0.342909 0.069074 0.276854 0.138149
46 0.586769 0.073788 0.229993 0.147462
