27 0.498306 0.726614 0.178540 0.363970
32 0.137443 0.217340 0.131549 0.227489
26 0.303446 0.701056 0.220020 0.438137
28 0.656134 0.759022 0.142353 0.288016
44 0.858516 0.671153 0.200727 0.460907
29 0.471175 0.166640 0.193997 0.333280
25 0.098729 0.693135 0.197458 0.483449
29 0.665441 0.167728 0.186541 0.335455
30 0.289768 0.182674 0.170208 0.304431
40 0.842201 0.166032 0.177137 0.332065
31 0.288318 0.181792 0.173887 0.302181
30 0.471524 0.166881 0.196171 0.333763
26 0.099098 0.694456 0.198031 0.470042
