28 0.780354 0.871784 0.173493 0.196005
27 0.589505 0.856900 0.219162 0.252669
32 0.118898 0.489504 0.183243 0.196795
30 0.559936 0.440197 0.256723 0.290343
31 0.322632 0.461937 0.229150 0.249368
26 0.344680 0.837375 0.270657 0.300393
42 0.385752 0.092292 0.232044 0.182287
29 0.811301 0.426728 0.243878 0.312583
42 0.141642 0.091654 0.272301 0.183308
46 0.606753 0.091092 0.217920 0.182184
30 0.321764 0.461013 0.229463 0.248253
46 0.389461 0.092009 0.226706 0.184017
26 0.104971 0.834243 0.209943 0.331513
43 0.957986 0.101718 0.084028 0.164784
