6 0.328365 0.631568 0.150199 0.163041
20 0.144224 0.424295 0.128086 0.124826
16 0.764528 0.621128 0.143399 0.148833
3 0.619725 0.423871 0.113006 0.117300
13 0.476492 0.626370 0.147636 0.155699
19 0.182084 0.237347 0.158340 0.161362
2 0.170400 0.639762 0.164604 0.149105
9 0.712777 0.825202 0.164530 0.175746
5 0.380175 0.839443 0.178648 0.177418
36 0.265083 0.424632 0.118924 0.120658
34 0.623258 0.242950 0.143539 0.156857
35 0.622043 0.244567 0.141494 0.155148
22 0.622064 0.243854 0.141935 0.155312
10 0.622062 0.628797 0.145722 0.141216
2 0.325264 0.628945 0.151991 0.159601
1 0.173637 0.641971 0.165638 0.144966
17 0.780840 0.225012 0.169164 0.196384
18 0.197926 0.027357 0.183544 0.054635
18 0.181652 0.236860 0.155013 0.161717
16 0.901560 0.615788 0.131842 0.147500
