4 0.299968 0.575304 0.143972 0.155676
4 0.437328 0.573281 0.134850 0.154254
8 0.907146 0.577492 0.136600 0.149144
4 0.158785 0.575991 0.144315 0.156451
8 0.883933 0.742865 0.124857 0.123485
8 0.870763 0.925006 0.125192 0.122614
11 0.633027 0.574615 0.135990 0.152442
11 0.739741 0.926569 0.131725 0.122359
11 0.610340 0.926371 0.132495 0.123948
11 0.626928 0.743156 0.126100 0.124564
4 0.153719 0.930259 0.133697 0.120642
0 0.426660 0.746356 0.132231 0.126840
11 0.769834 0.574522 0.137608 0.152336
0 0.413181 0.929264 0.131644 0.123495
0 0.291116 0.746563 0.133109 0.125331
4 0.157238 0.745140 0.132518 0.124188
11 0.755757 0.743220 0.127544 0.123147
4 0.046538 0.578973 0.092073 0.152256
13 0.774879 0.016607 0.139617 0.033214
12 0.772973 0.016295 0.138088 0.032589
8 0.769222 0.574787 0.138483 0.153187
4 0.281500 0.927478 0.127371 0.124946
13 0.911866 0.017081 0.136329 0.034163
4 0.289365 0.746203 0.133672 0.122923
4 0.047157 0.746515 0.094315 0.126037
13 0.639214 0.015043 0.132956 0.030085
8 0.754984 0.743115 0.127850 0.123003
