3 0.453909 0.161680 0.098783 0.102716
3 0.548565 0.166706 0.091694 0.102285
3 0.355036 0.155156 0.100925 0.105299
3 0.253937 0.149031 0.103429 0.103703
3 0.638371 0.173658 0.090097 0.099496
13 0.667520 0.356036 0.108884 0.129803
12 0.605183 0.743521 0.132669 0.153797
2 0.147410 0.140199 0.114362 0.110633
8 0.477842 0.946478 0.136637 0.106538
3 0.726555 0.179955 0.092728 0.095421
7 0.148139 0.142738 0.112887 0.108577
7 0.726986 0.178314 0.085534 0.100824
11 0.612923 0.945556 0.132113 0.107134
3 0.488346 0.164634 0.149576 0.103585
7 0.254086 0.148151 0.103362 0.101791
15 0.741782 0.746885 0.126765 0.146588
