8 0.495079 0.860677 0.101662 0.110301
8 0.739878 0.578302 0.116237 0.125186
8 0.716605 0.885367 0.114730 0.115774
8 0.623685 0.574358 0.110139 0.121701
8 0.513464 0.568162 0.104502 0.120874
8 0.514741 0.704546 0.105210 0.109776
11 0.313148 0.689683 0.094606 0.102790
8 0.604487 0.874234 0.108507 0.113215
11 0.410491 0.697588 0.100839 0.105810
11 0.293524 0.840378 0.099063 0.107483
8 0.623317 0.712725 0.109812 0.113329
8 0.735443 0.723429 0.111346 0.114346
11 0.410882 0.561290 0.103196 0.119154
13 0.266221 0.101911 0.093472 0.122002
13 0.360904 0.098627 0.100947 0.122376
11 0.309961 0.557391 0.098345 0.118958
11 0.394816 0.851371 0.100371 0.109397
8 0.394511 0.850697 0.100315 0.108489
4 0.077535 0.673340 0.091731 0.097372
8 0.409972 0.561384 0.102379 0.119642
13 0.459979 0.093539 0.104008 0.125385
0 0.151615 0.825120 0.096042 0.102616
4 0.077019 0.547633 0.097455 0.115189
11 0.624539 0.711938 0.109018 0.112391
8 0.294065 0.839807 0.100310 0.104177
13 0.563215 0.089580 0.107733 0.123925
7 0.037024 0.119528 0.074048 0.109232
0 0.171621 0.681865 0.094228 0.103651
4 0.173488 0.550572 0.099913 0.115984
11 0.514837 0.566732 0.107143 0.120675
