4 0.302759 0.584753 0.137023 0.151038
4 0.163583 0.586286 0.143612 0.154450
4 0.438852 0.584988 0.133537 0.149853
4 0.276760 0.933748 0.132567 0.120307
11 0.753074 0.760051 0.129229 0.124602
4 0.148335 0.933077 0.133328 0.120145
4 0.573860 0.584025 0.134252 0.146703
11 0.728162 0.941126 0.137223 0.117747
0 0.550798 0.757296 0.131093 0.128459
4 0.158468 0.751205 0.127672 0.124042
11 0.864867 0.943067 0.134308 0.112856
3 0.302439 0.028466 0.132610 0.056933
0 0.418412 0.754272 0.129919 0.126376
3 0.438639 0.028649 0.138222 0.057299
11 0.906533 0.594055 0.134288 0.151595
8 0.862029 0.944017 0.133012 0.111966
8 0.884330 0.763095 0.128985 0.126007
8 0.727950 0.941253 0.137109 0.116373
4 0.405046 0.934028 0.125571 0.122073
4 0.287551 0.752056 0.126300 0.122007
8 0.905808 0.594249 0.136758 0.152021
