3 0.528226 0.082702 0.094581 0.106445
3 0.431492 0.077287 0.097806 0.109854
12 0.666996 0.654508 0.119442 0.143601
3 0.622525 0.087196 0.091709 0.108784
13 0.738393 0.281178 0.108226 0.131196
3 0.715076 0.093496 0.091228 0.106127
3 0.332176 0.071720 0.101468 0.111961
2 0.226602 0.067265 0.110171 0.111785
8 0.547985 0.852229 0.122459 0.131032
8 0.669935 0.850497 0.119665 0.118864
7 0.713542 0.094925 0.089538 0.104214
11 0.670952 0.848310 0.122301 0.119983
2 0.712981 0.095289 0.092669 0.104481
2 0.803080 0.099767 0.089442 0.101576
12 0.798479 0.656690 0.122696 0.135754
7 0.331854 0.073004 0.101179 0.108102
2 0.331495 0.073076 0.101579 0.108620
