8 0.561982 0.616051 0.117904 0.133212
8 0.556260 0.941347 0.115947 0.115088
11 0.197497 0.618532 0.124538 0.135750
11 0.320032 0.616536 0.122810 0.134926
8 0.683648 0.615551 0.119611 0.132900
8 0.437554 0.941446 0.118770 0.115862
8 0.445363 0.768888 0.116874 0.118142
11 0.206657 0.771193 0.118246 0.117188
8 0.440665 0.615917 0.115612 0.131690
8 0.566665 0.766761 0.115773 0.119452
8 0.674985 0.940520 0.117036 0.115849
11 0.194786 0.943096 0.122799 0.113808
11 0.325428 0.769804 0.118545 0.116511
8 0.685429 0.767436 0.116847 0.118678
11 0.317506 0.941973 0.123195 0.114019
13 0.361525 0.094440 0.115932 0.137325
11 0.686152 0.765903 0.115774 0.116339
