16 0.617690 0.226482 0.123692 0.142914
8 0.212142 0.941107 0.122816 0.117787
8 0.089527 0.940458 0.122093 0.117154
16 0.740077 0.226104 0.124736 0.142658
8 0.099434 0.764553 0.123750 0.119919
8 0.071546 0.607487 0.127956 0.141120
16 0.497896 0.226562 0.121703 0.141611
8 0.203681 0.609438 0.137826 0.139149
16 0.862349 0.226922 0.122867 0.141497
11 0.222698 0.765524 0.124997 0.120272
8 0.222866 0.766247 0.125502 0.120906
8 0.513540 0.944857 0.122688 0.110285
8 0.388435 0.944400 0.123902 0.111199
11 0.390776 0.943747 0.123741 0.109606
15 0.905676 0.616910 0.131740 0.136144
16 0.517130 0.615585 0.129160 0.134627
8 0.762038 0.945415 0.125494 0.108572
4 0.646455 0.616819 0.131235 0.135747
8 0.636522 0.944921 0.124540 0.109722
4 0.775959 0.617356 0.130550 0.135175
15 0.646164 0.617035 0.131534 0.135770
12 0.873402 0.063126 0.129349 0.126252
16 0.532878 0.769604 0.123877 0.120736
16 0.646219 0.617682 0.128265 0.134196
15 0.409420 0.768802 0.120828 0.118691
11 0.203067 0.608454 0.138453 0.137757
15 0.775437 0.617374 0.129982 0.135455
13 0.746410 0.062051 0.126327 0.122842
16 0.656265 0.770061 0.122276 0.120248
