12 0.293741 0.552526 0.154719 0.298229
8 0.758530 0.877677 0.142935 0.232133
12 0.447640 0.549654 0.153652 0.295060
8 0.612985 0.876392 0.143931 0.228562
11 0.465748 0.874990 0.142451 0.226108
12 0.748600 0.547766 0.144867 0.297474
9 0.445275 0.548087 0.151326 0.306367
8 0.467154 0.874490 0.141239 0.224641
8 0.179566 0.876130 0.142713 0.222742
9 0.292499 0.549840 0.152883 0.306965
12 0.144242 0.549175 0.151623 0.304967
9 0.145058 0.548629 0.152772 0.307634
11 0.323239 0.875286 0.144038 0.226772
16 0.742078 0.177839 0.156481 0.307999
12 0.604259 0.548458 0.150838 0.296394
16 0.587307 0.174445 0.152915 0.294996
11 0.610614 0.876762 0.142931 0.228663
13 0.145763 0.550237 0.152589 0.299231
9 0.747095 0.544070 0.145395 0.308785
8 0.323139 0.872902 0.143670 0.221853
