13 0.274558 0.827510 0.138115 0.267714
5 0.347433 0.500436 0.138874 0.270285
9 0.617457 0.503587 0.138884 0.273182
13 0.407194 0.824980 0.134882 0.260714
16 0.761960 0.506865 0.142398 0.270993
5 0.210068 0.494485 0.137725 0.272105
10 0.619007 0.503404 0.138570 0.266591
12 0.407863 0.823731 0.134038 0.249803
10 0.483942 0.500360 0.133080 0.264508
12 0.137991 0.824754 0.136891 0.268904
12 0.483024 0.503811 0.135740 0.272028
9 0.137939 0.822486 0.136592 0.267140
9 0.482512 0.502384 0.135852 0.272515
1 0.210912 0.496361 0.137517 0.271090
