31 0.800547 0.486869 0.141903 0.269857
17 0.710796 0.148510 0.142451 0.279804
25 0.854460 0.151934 0.149102 0.273292
34 0.802118 0.489037 0.143331 0.264144
23 0.572758 0.158599 0.138324 0.278518
26 0.573852 0.158097 0.140087 0.277725
26 0.711264 0.152447 0.145232 0.282498
23 0.853752 0.150206 0.149328 0.273991
26 0.438147 0.162217 0.132843 0.264643
30 0.801945 0.489115 0.142849 0.262144
26 0.306372 0.162340 0.136632 0.273292
25 0.305342 0.162415 0.136123 0.264876
38 0.498842 0.484429 0.150653 0.257894
24 0.306722 0.162319 0.136857 0.272217
