6 0.289390 0.346640 0.108949 0.199518
16 0.391499 0.657152 0.105082 0.196016
6 0.397319 0.345793 0.115837 0.207812
3 0.576224 0.388713 0.077844 0.125797
16 0.497575 0.659986 0.108442 0.199533
3 0.499286 0.387474 0.077587 0.124537
10 0.091750 0.642977 0.096807 0.192743
10 0.287532 0.651289 0.104413 0.188901
13 0.188365 0.643767 0.098730 0.190194
2 0.180746 0.342947 0.109414 0.197886
2 0.076784 0.344083 0.098554 0.194579
7 0.747440 0.383621 0.091356 0.138202
3 0.659200 0.388558 0.085909 0.128598
2 0.749329 0.383623 0.094545 0.142621
