6 0.404471 0.260153 0.102832 0.194969
6 0.304877 0.267186 0.099983 0.184876
5 0.249590 0.817525 0.106308 0.172523
16 0.407306 0.544039 0.095213 0.167701
3 0.499214 0.299093 0.073087 0.113081
13 0.222893 0.542833 0.091737 0.169944
16 0.500412 0.544369 0.096003 0.168290
5 0.156324 0.811560 0.100041 0.168576
10 0.313414 0.544376 0.093969 0.166349
3 0.567990 0.295468 0.070149 0.112380
2 0.206624 0.262992 0.102379 0.187057
2 0.108752 0.265560 0.094056 0.180762
5 0.349304 0.817635 0.104308 0.180936
3 0.646678 0.297134 0.077972 0.116238
3 0.727076 0.293411 0.084373 0.121776
0 0.554753 0.828931 0.107663 0.185705
0 0.661740 0.827509 0.110370 0.198051
10 0.135558 0.534678 0.089065 0.186583
7 0.727962 0.291112 0.083726 0.125663
7 0.646563 0.295896 0.078176 0.116814
2 0.303727 0.263292 0.100403 0.184029
2 0.449003 0.822434 0.104483 0.175330
9 0.136293 0.538347 0.091817 0.176630
2 0.660256 0.828176 0.109965 0.197035
3 0.553490 0.826642 0.106368 0.181419
13 0.135972 0.534773 0.088030 0.184795
10 0.407481 0.544760 0.097006 0.168661
