1 0.353104 0.461288 0.112923 0.199704
9 0.270994 0.751724 0.110799 0.194186
13 0.114740 0.147410 0.087709 0.165402
1 0.459471 0.465756 0.111379 0.197080
16 0.390263 0.156403 0.095163 0.175417
10 0.202935 0.147114 0.092147 0.168567
12 0.065002 0.735753 0.101843 0.184573
12 0.164125 0.747928 0.107650 0.185367
5 0.043792 0.438856 0.087584 0.197293
5 0.138985 0.446504 0.108137 0.203978
16 0.484735 0.162392 0.098035 0.179981
16 0.296766 0.152786 0.093692 0.171684
1 0.245435 0.456057 0.109895 0.200402
10 0.036266 0.148443 0.072532 0.161405
9 0.163868 0.745173 0.109451 0.187487
10 0.295717 0.150060 0.092616 0.169581
2 0.455749 0.466344 0.109737 0.197242
2 0.349513 0.461743 0.108245 0.195576
0 0.351588 0.462189 0.110283 0.198275
