0 0.527342 0.767980 0.086819 0.159396
9 0.361682 0.488384 0.096482 0.161510
5 0.133552 0.243747 0.103717 0.171165
4 0.608283 0.751579 0.083266 0.149538
2 0.321411 0.241753 0.090686 0.160154
5 0.229980 0.243064 0.098898 0.165835
2 0.130825 0.244097 0.101995 0.168470
3 0.490383 0.239148 0.085090 0.150562
2 0.228403 0.242741 0.096829 0.163739
9 0.824512 0.707636 0.072369 0.148242
9 0.917618 0.690810 0.121958 0.149937
2 0.408869 0.240722 0.086486 0.159165
2 0.492758 0.238961 0.083193 0.157172
9 0.446255 0.482599 0.085909 0.151934
11 0.684572 0.737932 0.079354 0.145753
9 0.755584 0.721999 0.074515 0.145191
15 0.352427 0.802450 0.099167 0.171293
15 0.255631 0.823070 0.108819 0.168712
12 0.352095 0.798326 0.099295 0.169315
5 0.605608 0.754020 0.086770 0.149305
3 0.405916 0.242356 0.086829 0.152901
12 0.441289 0.781556 0.089439 0.165312
