16 0.599697 0.754046 0.142577 0.267029
16 0.461626 0.748784 0.138059 0.263430
6 0.339570 0.364148 0.134330 0.249803
3 0.593370 0.393467 0.110673 0.175301
6 0.470964 0.360593 0.137813 0.250520
10 0.325513 0.749253 0.139093 0.258901
10 0.072445 0.736260 0.124357 0.250497
3 0.936303 0.391349 0.111951 0.182480
2 0.075479 0.360956 0.129419 0.239051
16 0.742466 0.752726 0.150099 0.262313
3 0.706329 0.390884 0.115237 0.180204
13 0.196334 0.740142 0.129480 0.257532
2 0.204760 0.357136 0.135148 0.244952
3 0.821416 0.392084 0.114659 0.178094
7 0.819495 0.391278 0.113557 0.178425
7 0.704296 0.389451 0.114304 0.176065
2 0.936988 0.390578 0.114620 0.183920
