5 0.121190 0.779434 0.122387 0.206530
3 0.494761 0.178315 0.086644 0.140168
16 0.498638 0.461156 0.103030 0.190172
3 0.580355 0.175314 0.087292 0.140253
16 0.397237 0.461177 0.104717 0.189541
6 0.290065 0.150860 0.110557 0.200584
2 0.076256 0.154745 0.103802 0.193697
5 0.233869 0.779973 0.122431 0.211737
1 0.466077 0.781685 0.123436 0.211741
6 0.397013 0.146625 0.109092 0.202414
10 0.292991 0.461164 0.110277 0.190344
16 0.603654 0.460556 0.107401 0.190490
3 0.670685 0.178297 0.088231 0.138752
1 0.349699 0.779559 0.122643 0.207275
2 0.180096 0.149815 0.111829 0.196977
13 0.189682 0.462590 0.102509 0.194687
9 0.089902 0.462944 0.102960 0.192757
7 0.760521 0.173166 0.087693 0.143480
7 0.178453 0.150032 0.109106 0.190417
1 0.581947 0.782121 0.118376 0.211887
2 0.289637 0.150637 0.110261 0.196685
2 0.579471 0.778639 0.119988 0.214976
10 0.088022 0.465097 0.106607 0.191530
3 0.760109 0.173309 0.090816 0.146432
