5 0.111308 0.669233 0.156355 0.280969
13 0.205292 0.227517 0.144761 0.270758
1 0.576659 0.687711 0.168414 0.294691
5 0.257958 0.674869 0.165012 0.285846
16 0.642641 0.227883 0.154274 0.282840
1 0.416916 0.680664 0.163992 0.291175
10 0.070808 0.232025 0.133358 0.264818
16 0.794734 0.228362 0.153792 0.282253
1 0.741516 0.688477 0.178407 0.296645
16 0.493031 0.222845 0.150285 0.267622
10 0.345282 0.224374 0.146456 0.269946
9 0.070555 0.236310 0.131277 0.250594
2 0.576952 0.687669 0.167895 0.296755
2 0.414752 0.680038 0.160524 0.288728
