3 0.309867 0.158784 0.166095 0.270477
16 0.127920 0.692132 0.197222 0.364373
3 0.479939 0.156194 0.173960 0.282124
1 0.122092 0.146662 0.212430 0.293324
16 0.323293 0.701498 0.200401 0.375839
2 0.478749 0.157099 0.171280 0.281665
16 0.528518 0.701392 0.211090 0.380137
6 0.655103 0.155816 0.173699 0.301541
2 0.311092 0.158786 0.166337 0.274906
2 0.652454 0.157557 0.176024 0.276317
4 0.656331 0.157356 0.174293 0.283437
2 0.124963 0.145442 0.205103 0.290884
6 0.835826 0.153147 0.188237 0.297815
1 0.833964 0.150096 0.185231 0.293667
4 0.836255 0.152304 0.185460 0.298065
