16 0.540041 0.688920 0.132678 0.242664
16 0.417796 0.679680 0.115238 0.230463
3 0.532260 0.343708 0.107308 0.174700
6 0.419697 0.317515 0.121635 0.232992
3 0.647224 0.331573 0.122028 0.187402
6 0.308668 0.330696 0.106613 0.213778
2 0.113845 0.348745 0.088688 0.194858
10 0.309378 0.668709 0.104466 0.213402
10 0.129922 0.651429 0.083654 0.199878
2 0.204789 0.337769 0.099419 0.206894
16 0.682593 0.704852 0.159554 0.268306
2 0.777667 0.321824 0.135595 0.196258
13 0.214106 0.657406 0.092686 0.202359
7 0.115750 0.347553 0.087706 0.195744
