3 0.496505 0.177910 0.082828 0.136496
6 0.407246 0.155490 0.097961 0.190154
3 0.580559 0.167667 0.089210 0.141153
16 0.406849 0.450869 0.090550 0.173824
16 0.499258 0.451296 0.097499 0.178511
5 0.186406 0.714761 0.088637 0.173488
2 0.147114 0.186373 0.078715 0.164749
6 0.316213 0.170249 0.088543 0.173005
5 0.272344 0.725100 0.094725 0.184228
10 0.318054 0.448073 0.089140 0.172378
2 0.227555 0.176763 0.088185 0.171393
1 0.577563 0.765619 0.121745 0.205196
2 0.314866 0.171288 0.089886 0.173022
7 0.772319 0.150379 0.101126 0.155740
2 0.774004 0.147484 0.102714 0.158928
0 0.575199 0.764707 0.120998 0.204163
5 0.362528 0.736101 0.098377 0.188932
9 0.162854 0.446926 0.077155 0.159121
16 0.601501 0.450490 0.107683 0.187282
13 0.237987 0.448018 0.080028 0.164783
1 0.463008 0.748571 0.108126 0.198178
7 0.674444 0.159889 0.093582 0.147949
3 0.674464 0.160598 0.094736 0.147748
2 0.675685 0.162156 0.096669 0.147107
0 0.363419 0.738558 0.099912 0.192460
