3 0.559587 0.224580 0.102894 0.109646
12 0.711331 0.571003 0.132431 0.146299
12 0.575905 0.572098 0.133310 0.150549
10 0.658858 0.386489 0.120809 0.133319
24 0.121295 0.209639 0.119755 0.119740
12 0.571716 0.938104 0.131255 0.122986
12 0.433982 0.941974 0.138689 0.114005
3 0.462772 0.224330 0.092096 0.108480
10 0.704559 0.750645 0.130551 0.141183
19 0.122721 0.208880 0.116979 0.120275
35 0.123626 0.378374 0.148338 0.142172
10 0.571073 0.757891 0.134274 0.149403
9 0.572104 0.939903 0.133645 0.120194
9 0.570855 0.759136 0.134386 0.148808
16 0.833152 0.747218 0.128781 0.140936
16 0.700325 0.929582 0.123468 0.129801
15 0.697839 0.930069 0.123122 0.131104
