18 0.190587 0.856667 0.152941 0.266686
12 0.775910 0.743502 0.072890 0.199427
10 0.813258 0.506962 0.064312 0.148838
3 0.750177 0.324860 0.057194 0.120418
15 0.974209 0.700509 0.051569 0.167823
12 0.849199 0.726931 0.072058 0.184424
24 0.498742 0.306654 0.071288 0.143293
20 0.339556 0.289475 0.091791 0.165302
20 0.241875 0.278821 0.100386 0.175489
35 0.495591 0.519048 0.091611 0.189944
5 0.690989 0.757581 0.095593 0.223135
3 0.812603 0.314861 0.063498 0.134743
9 0.848565 0.728691 0.072467 0.188843
15 0.917573 0.714502 0.067071 0.179883
