22 0.797444 0.191316 0.116893 0.225328
10 0.708904 0.659999 0.099872 0.190569
6 0.507378 0.670045 0.104065 0.196758
19 0.246805 0.189245 0.122659 0.220125
35 0.575096 0.204754 0.104667 0.195284
36 0.338361 0.441722 0.092398 0.160939
3 0.588960 0.447725 0.076602 0.135858
16 0.805943 0.655760 0.097749 0.184479
23 0.361859 0.196357 0.110412 0.208190
2 0.402797 0.673563 0.109050 0.200157
13 0.608813 0.664984 0.100179 0.189869
20 0.245528 0.441037 0.096166 0.167405
39 0.470437 0.201784 0.107950 0.198105
15 0.757443 0.902875 0.107416 0.192460
