22 0.788415 0.248738 0.088816 0.186708
2 0.470188 0.676839 0.097863 0.185419
23 0.432332 0.247686 0.094639 0.183195
10 0.730095 0.650106 0.081262 0.166713
19 0.327850 0.240790 0.111249 0.196430
35 0.609602 0.256882 0.086418 0.168264
6 0.561764 0.668055 0.089615 0.177959
13 0.648083 0.659431 0.083998 0.170634
16 0.808019 0.641466 0.077150 0.158496
3 0.631666 0.466409 0.065145 0.118293
20 0.334745 0.469980 0.084793 0.152786
15 0.774059 0.873663 0.086830 0.191251
9 0.684602 0.891855 0.095987 0.198768
12 0.587178 0.905198 0.100565 0.189603
39 0.523957 0.252591 0.089181 0.172217
36 0.416574 0.466352 0.079119 0.146323
