10 0.726743 0.681464 0.103061 0.198616
2 0.406565 0.695500 0.115858 0.213320
6 0.516821 0.690491 0.108251 0.208150
3 0.605608 0.458533 0.082727 0.139844
19 0.244031 0.183841 0.131545 0.232984
16 0.827317 0.673715 0.098373 0.190465
35 0.588473 0.205241 0.107830 0.203244
13 0.623890 0.686407 0.104631 0.203502
36 0.341048 0.451133 0.097823 0.172335
23 0.366239 0.192323 0.118498 0.219805
20 0.241696 0.451008 0.102722 0.177316
22 0.817069 0.193841 0.118623 0.231090
39 0.479091 0.199256 0.110381 0.207573
