2 0.409415 0.381733 0.109060 0.197166
10 0.705037 0.372021 0.095113 0.185702
1 0.308853 0.655607 0.125021 0.202617
12 0.536021 0.632443 0.108071 0.194565
3 0.597954 0.149678 0.083599 0.147250
6 0.510939 0.379621 0.099492 0.191848
16 0.800212 0.367103 0.096353 0.180764
9 0.641204 0.621329 0.106053 0.192721
13 0.609586 0.375565 0.097939 0.190888
5 0.426816 0.640473 0.113410 0.207492
15 0.743460 0.612545 0.103607 0.191923
20 0.241844 0.132540 0.102420 0.183021
36 0.338397 0.133585 0.095465 0.174885
