4 0.438472 0.586003 0.135183 0.148233
4 0.572828 0.586252 0.133012 0.146166
4 0.303341 0.585163 0.136848 0.149800
4 0.278216 0.935374 0.130072 0.117807
4 0.164228 0.584214 0.143560 0.149227
4 0.152189 0.934300 0.132824 0.118230
11 0.860622 0.943278 0.133953 0.112619
11 0.725500 0.941393 0.133253 0.114688
0 0.417073 0.754849 0.129779 0.123082
0 0.534585 0.940482 0.129838 0.118822
4 0.159686 0.749142 0.130066 0.120598
0 0.551666 0.758378 0.130112 0.124003
11 0.751409 0.759920 0.127404 0.124506
11 0.767664 0.592630 0.135259 0.150691
0 0.405104 0.936542 0.126462 0.122983
8 0.904729 0.594714 0.137701 0.151937
8 0.879588 0.762671 0.127555 0.124647
4 0.288195 0.751400 0.127395 0.119205
13 0.935279 0.030863 0.125529 0.061725
13 0.804160 0.029965 0.138967 0.059930
