10 0.129700 0.651674 0.083089 0.198672
2 0.116383 0.349606 0.088601 0.195998
16 0.539481 0.689256 0.134831 0.247119
10 0.308903 0.669753 0.104513 0.220394
13 0.213690 0.657704 0.090930 0.202674
2 0.204487 0.339176 0.104028 0.207411
16 0.417854 0.677806 0.115332 0.234907
7 0.921694 0.312728 0.148903 0.216554
6 0.419892 0.321170 0.120846 0.232742
6 0.308756 0.332251 0.104852 0.215592
7 0.775564 0.321786 0.137598 0.197579
3 0.531439 0.341753 0.108089 0.179708
3 0.646877 0.331871 0.121373 0.189420
16 0.681975 0.703203 0.156233 0.262592
