13 0.627129 0.769740 0.082012 0.177517
6 0.541019 0.780472 0.089673 0.182700
3 0.608121 0.577822 0.061566 0.115767
20 0.315198 0.578931 0.084166 0.152365
19 0.317922 0.351839 0.104090 0.190339
16 0.782965 0.753562 0.077124 0.161736
2 0.448709 0.788437 0.098576 0.189701
24 0.316165 0.578716 0.084450 0.148495
16 0.626658 0.770271 0.083017 0.172106
13 0.705838 0.760128 0.076900 0.168072
13 0.540600 0.776499 0.089489 0.173656
24 0.319203 0.352688 0.106537 0.189352
3 0.446541 0.785155 0.099138 0.191271
12 0.706163 0.760892 0.077479 0.168218
13 0.782375 0.752491 0.076367 0.161312
16 0.705812 0.760252 0.078363 0.166284
