20 0.342368 0.181570 0.070805 0.133459
20 0.271906 0.182565 0.069072 0.130586
12 0.880914 0.625456 0.107170 0.199066
20 0.410459 0.183961 0.069829 0.133500
12 0.774662 0.620155 0.106232 0.197604
16 0.881175 0.624915 0.105772 0.197850
24 0.341762 0.182091 0.070566 0.132105
24 0.411788 0.183856 0.069821 0.132680
20 0.480694 0.184191 0.068678 0.131229
12 0.966865 0.623999 0.066269 0.207866
16 0.773900 0.620696 0.103676 0.201636
36 0.472689 0.373574 0.088284 0.164316
3 0.691960 0.177985 0.068608 0.141287
17 0.251890 0.829471 0.100441 0.191007
24 0.271843 0.183022 0.068525 0.130383
24 0.480327 0.185575 0.067933 0.128504
