3 0.631101 0.465415 0.063726 0.118679
13 0.648176 0.658407 0.082766 0.173001
6 0.562150 0.668290 0.088897 0.177891
24 0.334994 0.469987 0.085766 0.151672
20 0.333119 0.469575 0.086635 0.152645
12 0.773798 0.874833 0.085906 0.188200
36 0.415962 0.467155 0.080349 0.146373
16 0.807829 0.641828 0.081075 0.158900
13 0.728993 0.650112 0.080070 0.167440
12 0.683649 0.893312 0.095630 0.195208
19 0.329999 0.239416 0.108923 0.196727
16 0.684730 0.894159 0.094312 0.194986
6 0.469920 0.676095 0.097297 0.181516
6 0.631661 0.465428 0.070069 0.120148
16 0.647778 0.657245 0.083107 0.170948
36 0.611160 0.255734 0.086427 0.171713
24 0.329806 0.238493 0.110038 0.198206
16 0.728448 0.647363 0.080277 0.163139
