13 0.620911 0.574362 0.082562 0.170274
3 0.608130 0.372154 0.067175 0.126223
6 0.533972 0.583719 0.092885 0.183264
12 0.554738 0.837559 0.104355 0.207645
13 0.702950 0.566706 0.080133 0.167036
20 0.289049 0.361037 0.097716 0.170771
24 0.288483 0.361679 0.095847 0.171922
36 0.379004 0.361661 0.087322 0.163028
13 0.781913 0.559531 0.077939 0.163922
16 0.780851 0.559671 0.076671 0.163590
12 0.652915 0.814754 0.093668 0.200038
19 0.284653 0.108643 0.119584 0.217287
23 0.397056 0.117033 0.107154 0.208559
19 0.289040 0.360487 0.096588 0.171148
12 0.740896 0.794348 0.083335 0.184580
3 0.434771 0.590302 0.104052 0.190957
3 0.531963 0.582306 0.092716 0.179914
20 0.378548 0.361384 0.087070 0.163790
