3 0.605382 0.456647 0.083942 0.144367
13 0.622874 0.687201 0.103285 0.203084
6 0.517703 0.691962 0.108678 0.212358
19 0.244485 0.183726 0.128284 0.234609
20 0.240149 0.449671 0.102480 0.177932
24 0.241672 0.451928 0.102940 0.176952
36 0.340333 0.450568 0.098882 0.172288
13 0.725547 0.679279 0.103817 0.197472
16 0.826072 0.674405 0.099540 0.194106
6 0.407927 0.695004 0.114476 0.216529
3 0.518514 0.451244 0.086409 0.155033
35 0.482704 0.199879 0.114981 0.209126
23 0.367498 0.193067 0.119304 0.217435
16 0.623420 0.686540 0.103325 0.201048
36 0.241309 0.450137 0.104089 0.176492
