3 0.602584 0.409332 0.067595 0.121380
13 0.617226 0.606126 0.082779 0.169352
6 0.530064 0.613420 0.090816 0.179126
20 0.297020 0.403669 0.092310 0.158736
24 0.296704 0.403432 0.092293 0.158071
12 0.553300 0.858707 0.102120 0.200367
2 0.437133 0.620789 0.097813 0.185388
19 0.294003 0.160469 0.112340 0.208062
12 0.739016 0.818355 0.084757 0.183521
36 0.382808 0.403415 0.081267 0.151955
12 0.650772 0.840248 0.093290 0.196280
16 0.738823 0.820085 0.084797 0.183553
16 0.776371 0.590250 0.080664 0.164036
23 0.400001 0.175244 0.100287 0.194752
13 0.697501 0.598481 0.078670 0.166513
3 0.436726 0.619737 0.097704 0.184359
6 0.436816 0.620989 0.099242 0.185402
13 0.531677 0.612282 0.089524 0.177072
16 0.617692 0.604390 0.082715 0.169174
16 0.697714 0.598110 0.077736 0.165064
