3 0.612273 0.566829 0.064559 0.115769
13 0.630457 0.758355 0.080149 0.170887
6 0.544509 0.768683 0.089963 0.184498
19 0.320434 0.343603 0.105258 0.188177
20 0.319250 0.568812 0.086184 0.152847
24 0.318735 0.569846 0.085334 0.151054
16 0.785923 0.742482 0.075194 0.162806
36 0.401437 0.566762 0.079252 0.146133
2 0.452008 0.777930 0.097701 0.189230
6 0.452252 0.777875 0.098848 0.190794
16 0.630115 0.759869 0.080431 0.175444
3 0.450609 0.778164 0.099102 0.193426
20 0.401389 0.565744 0.078368 0.142682
13 0.710274 0.749795 0.078931 0.167617
34 0.591257 0.364778 0.080376 0.159523
16 0.709627 0.748413 0.078261 0.165001
