3 0.659797 0.354930 0.073726 0.122671
13 0.672049 0.548146 0.089823 0.169857
19 0.368337 0.128442 0.098558 0.183344
12 0.601465 0.786020 0.099280 0.194658
16 0.848970 0.547578 0.090952 0.168211
12 0.804116 0.775873 0.097849 0.189921
12 0.704350 0.782666 0.098889 0.189519
16 0.761042 0.547776 0.088747 0.168291
16 0.704077 0.782545 0.100264 0.192476
16 0.804397 0.777506 0.098523 0.190992
36 0.441446 0.345592 0.077189 0.138760
20 0.365595 0.344314 0.079277 0.141537
16 0.601459 0.787383 0.101910 0.202541
35 0.555139 0.140922 0.091820 0.171400
13 0.761156 0.547879 0.089762 0.168834
24 0.367410 0.131546 0.100843 0.183678
17 0.364515 0.342601 0.079617 0.142012
3 0.490018 0.547224 0.090639 0.170582
