12 0.678374 0.703417 0.121619 0.223937
12 0.548621 0.710766 0.131259 0.236958
2 0.410710 0.726445 0.145145 0.249057
13 0.656840 0.405334 0.120753 0.250297
2 0.396615 0.403217 0.140882 0.254685
5 0.410777 0.726119 0.144435 0.248900
2 0.259041 0.747277 0.168776 0.251044
3 0.396879 0.404151 0.140331 0.254533
3 0.660362 0.098634 0.111681 0.197268
2 0.530898 0.410976 0.128377 0.227932
13 0.772506 0.398241 0.111276 0.232325
12 0.792259 0.694094 0.111741 0.196988
5 0.257727 0.746387 0.171588 0.250289
6 0.532718 0.409675 0.128910 0.235174
