12 0.534865 0.630118 0.106290 0.195983
16 0.536119 0.630894 0.108851 0.196325
3 0.597389 0.148259 0.081988 0.149421
13 0.610815 0.375706 0.095071 0.185365
5 0.308245 0.653071 0.127102 0.204398
2 0.307679 0.653037 0.130561 0.204798
6 0.512031 0.380255 0.100478 0.190733
2 0.425866 0.639417 0.114793 0.206035
16 0.640613 0.625301 0.101794 0.196342
12 0.640621 0.623484 0.102700 0.194311
2 0.409908 0.382709 0.107499 0.192486
12 0.743079 0.613379 0.098274 0.190160
16 0.744065 0.612901 0.101000 0.193867
5 0.426124 0.638430 0.113530 0.206429
36 0.337709 0.133978 0.097577 0.177212
16 0.610097 0.375533 0.096172 0.183951
24 0.242841 0.132338 0.100326 0.179586
20 0.243127 0.132531 0.098999 0.182265
