19 0.208068 0.412441 0.093500 0.110259
19 0.193417 0.283455 0.089693 0.110255
19 0.123048 0.411567 0.086480 0.108801
19 0.295590 0.412113 0.092046 0.111516
19 0.104199 0.285043 0.087606 0.109699
19 0.280843 0.278047 0.094301 0.118476
19 0.461792 0.886669 0.109556 0.121518
19 0.256507 0.867486 0.101377 0.117709
19 0.357182 0.876694 0.104160 0.116378
19 0.151208 0.717130 0.100620 0.133849
23 0.283700 0.279538 0.103696 0.119986
21 0.255712 0.867910 0.100962 0.115990
21 0.462207 0.886925 0.108482 0.118493
19 0.157096 0.859777 0.100341 0.113176
