6 0.460494 0.376914 0.168070 0.172292
6 0.628122 0.377123 0.165270 0.170326
6 0.786310 0.377619 0.155965 0.166935
2 0.648277 0.606547 0.184244 0.188546
6 0.284463 0.373800 0.183124 0.184058
6 0.929687 0.376722 0.140626 0.161764
2 0.819507 0.595443 0.177366 0.194999
5 0.648739 0.607076 0.184788 0.189286
2 0.280245 0.613409 0.197927 0.218508
6 0.095795 0.368494 0.190668 0.194404
5 0.469208 0.605957 0.184177 0.203689
5 0.815086 0.594853 0.169509 0.193629
2 0.469881 0.605626 0.182516 0.204996
2 0.092912 0.619173 0.185824 0.221868
