6 0.610122 0.319248 0.158091 0.160874
6 0.455348 0.316902 0.158756 0.167555
6 0.760868 0.320826 0.144179 0.154720
6 0.900021 0.321877 0.143424 0.152718
6 0.289304 0.313703 0.171834 0.173604
2 0.103822 0.536523 0.188373 0.198336
2 0.564921 0.805270 0.204747 0.247465
2 0.625173 0.534578 0.161835 0.163561
2 0.923931 0.520916 0.148269 0.171739
6 0.109949 0.304144 0.189626 0.186769
2 0.288056 0.533764 0.181405 0.190765
2 0.780057 0.523610 0.157441 0.174466
2 0.459313 0.528875 0.168685 0.182866
3 0.776277 0.523182 0.154746 0.172084
5 0.923171 0.520909 0.145679 0.172583
2 0.110219 0.305870 0.179657 0.180953
