2 0.461980 0.796322 0.139762 0.136020
2 0.191016 0.606712 0.150701 0.158654
2 0.196056 0.774643 0.133948 0.134330
0 0.605583 0.810321 0.145782 0.138782
2 0.604704 0.811020 0.145910 0.139522
0 0.461938 0.798128 0.140244 0.138460
5 0.325196 0.785768 0.133548 0.133205
2 0.325188 0.787025 0.132837 0.132404
2 0.334586 0.612404 0.145998 0.158499
5 0.189148 0.605777 0.148261 0.159152
0 0.310926 0.959409 0.134685 0.081182
2 0.799497 0.633865 0.174784 0.178644
2 0.760862 0.825590 0.163684 0.145259
5 0.460960 0.797032 0.140931 0.136012
2 0.481551 0.617601 0.148087 0.163610
5 0.800142 0.632926 0.175977 0.177084
2 0.634412 0.625677 0.161663 0.170485
5 0.195227 0.775526 0.130565 0.131101
0 0.800185 0.632276 0.171212 0.176939
0 0.325406 0.785504 0.133212 0.133081
0 0.445092 0.966079 0.139660 0.067738
0 0.182028 0.950773 0.126186 0.098453
5 0.760143 0.825199 0.164849 0.143727
3 0.191753 0.603947 0.152455 0.157092
2 0.181981 0.950302 0.127234 0.099395
5 0.335166 0.611401 0.145711 0.157555
3 0.481252 0.616489 0.148414 0.163495
0 0.584149 0.971243 0.147031 0.057368
3 0.195313 0.773995 0.129099 0.128571
3 0.334779 0.610721 0.146716 0.157959
3 0.325604 0.785160 0.137647 0.135532
5 0.604482 0.811212 0.146704 0.140443
0 0.196244 0.774295 0.133310 0.134557
