3 0.548030 0.166080 0.092437 0.102272
3 0.254563 0.148856 0.102288 0.104864
3 0.356046 0.153561 0.102198 0.105714
3 0.451536 0.159359 0.098748 0.107186
3 0.637362 0.172659 0.088275 0.099406
3 0.149743 0.140909 0.108973 0.110493
3 0.725089 0.179031 0.090463 0.097236
12 0.742155 0.748991 0.131994 0.143747
2 0.150362 0.139863 0.108824 0.112148
13 0.665749 0.359680 0.102546 0.130059
12 0.602167 0.745616 0.121630 0.151132
16 0.603378 0.744949 0.126387 0.152152
5 0.328508 0.757772 0.149176 0.162996
3 0.275072 0.152112 0.073938 0.101265
