13 0.359819 0.095693 0.110945 0.132430
13 0.476509 0.097361 0.112747 0.134412
13 0.590715 0.097012 0.111861 0.131165
13 0.704560 0.097415 0.111592 0.132718
13 0.244933 0.095191 0.114767 0.133945
8 0.318501 0.942288 0.123258 0.115423
8 0.557674 0.940823 0.116510 0.118353
11 0.193992 0.619293 0.122300 0.137898
8 0.437432 0.940965 0.120057 0.118071
8 0.193666 0.943513 0.120921 0.112974
8 0.440750 0.616969 0.120593 0.135957
16 0.194608 0.618815 0.122671 0.137646
16 0.439936 0.617088 0.118933 0.135423
11 0.672892 0.941125 0.112806 0.117751
