32 0.187616 0.828076 0.096627 0.174152
32 0.374161 0.825196 0.093828 0.173339
32 0.280344 0.826959 0.098772 0.177028
28 0.185747 0.820832 0.089835 0.177187
32 0.462919 0.824009 0.091994 0.170710
27 0.742132 0.440388 0.111262 0.231130
27 0.632525 0.441900 0.115949 0.232664
27 0.519601 0.441988 0.116087 0.231883
31 0.462788 0.823455 0.092239 0.167952
27 0.277852 0.442254 0.129761 0.239848
30 0.462997 0.822858 0.092679 0.167810
31 0.372952 0.826379 0.093533 0.166320
31 0.278234 0.443798 0.129375 0.240885
31 0.632392 0.441247 0.115572 0.231079
