3 0.569997 0.296331 0.070426 0.117107
3 0.645965 0.295740 0.077560 0.118168
2 0.555180 0.829683 0.106797 0.182615
2 0.251872 0.817104 0.101404 0.168050
2 0.725834 0.292534 0.082669 0.124171
2 0.351112 0.819080 0.101235 0.176519
3 0.725974 0.291318 0.082774 0.125836
2 0.451796 0.822603 0.101491 0.181284
2 0.403783 0.258988 0.099043 0.186921
3 0.499801 0.297493 0.071697 0.121250
3 0.305513 0.264525 0.097655 0.182817
2 0.305806 0.264253 0.097496 0.182623
3 0.555340 0.829663 0.107106 0.184135
3 0.251451 0.816527 0.098559 0.167766
5 0.252139 0.817429 0.102482 0.168492
3 0.403754 0.261030 0.101018 0.191021
6 0.350227 0.818895 0.103676 0.180578
3 0.207638 0.263398 0.098898 0.185952
5 0.555686 0.828696 0.106765 0.180438
2 0.661197 0.827754 0.106805 0.196656
