3 0.494237 0.173668 0.087592 0.141110
3 0.579944 0.170756 0.087162 0.146308
3 0.289347 0.149195 0.109080 0.192136
3 0.397641 0.145445 0.105335 0.197056
3 0.669767 0.175323 0.087059 0.141243
3 0.178945 0.147758 0.109877 0.190556
3 0.757010 0.169800 0.089428 0.149249
5 0.234668 0.779922 0.116762 0.208228
2 0.397709 0.145160 0.108008 0.199288
3 0.075228 0.149537 0.100191 0.189020
2 0.234175 0.779753 0.118290 0.207463
2 0.075599 0.153982 0.103097 0.188248
2 0.582025 0.783068 0.116365 0.210476
2 0.349373 0.779562 0.116452 0.210260
5 0.581958 0.783277 0.116611 0.210305
3 0.464753 0.781703 0.118261 0.210303
2 0.670347 0.175492 0.086149 0.141589
