3 0.306795 0.328261 0.105292 0.210865
3 0.203969 0.336869 0.102134 0.203639
2 0.532395 0.342471 0.105921 0.173605
3 0.418791 0.315006 0.118512 0.230579
3 0.529953 0.339322 0.105821 0.176789
2 0.647362 0.331505 0.121815 0.185895
2 0.418203 0.314602 0.117769 0.228819
3 0.646471 0.328623 0.122769 0.191263
2 0.308160 0.330984 0.105039 0.211957
3 0.777185 0.322014 0.133889 0.190265
2 0.204462 0.337021 0.099091 0.205371
3 0.112727 0.343993 0.085073 0.190535
2 0.777834 0.322722 0.134519 0.193078
12 0.309455 0.676156 0.102838 0.225329
12 0.213272 0.663173 0.090733 0.205850
