13 0.236561 0.448958 0.077273 0.164213
3 0.582978 0.166361 0.089709 0.145838
3 0.496328 0.174682 0.082562 0.136385
3 0.406361 0.154042 0.096688 0.185957
3 0.311268 0.170256 0.085965 0.172611
2 0.273025 0.724687 0.091433 0.181736
13 0.406369 0.446721 0.089393 0.169870
3 0.228447 0.174093 0.085647 0.169411
2 0.675480 0.159076 0.094658 0.148822
13 0.315603 0.447099 0.083017 0.167170
2 0.576183 0.768387 0.114304 0.205844
2 0.465465 0.752889 0.107316 0.198484
3 0.271532 0.723752 0.091738 0.180039
2 0.365048 0.737573 0.096155 0.188705
3 0.365101 0.736808 0.096623 0.187162
3 0.674660 0.157904 0.094882 0.150119
3 0.465079 0.750161 0.105784 0.195650
3 0.576378 0.768856 0.116942 0.199982
3 0.772634 0.152036 0.103272 0.161510
5 0.273145 0.726004 0.091939 0.180501
2 0.579140 0.163957 0.090874 0.143682
2 0.774012 0.145898 0.102017 0.159727
