20 0.123054 0.207840 0.119286 0.120141
12 0.571813 0.940041 0.126629 0.117032
24 0.122589 0.209523 0.118101 0.118727
12 0.576073 0.571785 0.134550 0.147697
36 0.121564 0.378975 0.150399 0.144144
12 0.711794 0.571402 0.132518 0.146315
12 0.699111 0.934472 0.122399 0.119770
12 0.845507 0.568247 0.129889 0.146015
16 0.712062 0.571298 0.131778 0.145258
17 0.122893 0.376650 0.155793 0.145595
8 0.571301 0.940254 0.127385 0.119491
31 0.122111 0.379155 0.150538 0.143673
16 0.830242 0.747219 0.122460 0.137934
12 0.434745 0.942979 0.141393 0.112706
