24 0.369952 0.184446 0.088154 0.163314
24 0.282630 0.181899 0.088902 0.164891
12 0.819271 0.708692 0.116508 0.239922
12 0.937844 0.710159 0.117076 0.238221
24 0.457538 0.185608 0.086675 0.160121
20 0.371376 0.184878 0.090436 0.163989
20 0.282638 0.182265 0.089309 0.163833
20 0.191510 0.182732 0.089687 0.159575
20 0.457219 0.186950 0.083812 0.164063
36 0.448306 0.421266 0.110337 0.204302
16 0.937457 0.707454 0.118674 0.233625
31 0.448702 0.420766 0.110894 0.202835
24 0.191030 0.180715 0.088750 0.163480
27 0.448555 0.420207 0.115243 0.202716
