22 0.788550 0.250024 0.086413 0.184101
16 0.808264 0.641270 0.079373 0.159684
9 0.684561 0.892224 0.096619 0.198201
3 0.631433 0.467170 0.066158 0.117730
6 0.561320 0.667890 0.089450 0.175770
13 0.647879 0.659054 0.083211 0.168185
10 0.729881 0.649850 0.080408 0.167926
19 0.328727 0.239051 0.107382 0.196369
23 0.432189 0.247449 0.096097 0.186370
20 0.334057 0.468925 0.085149 0.154069
15 0.773541 0.873704 0.086660 0.191859
2 0.470395 0.678228 0.096649 0.180480
36 0.416325 0.466305 0.078651 0.145722
35 0.609371 0.258254 0.086540 0.165039
39 0.525243 0.253637 0.091540 0.174349
12 0.587112 0.904573 0.101942 0.188722
