9 0.652994 0.812985 0.095516 0.200228
10 0.702772 0.566181 0.081193 0.168889
3 0.608033 0.372465 0.066921 0.125935
13 0.620504 0.574908 0.084237 0.173972
16 0.781127 0.558731 0.076357 0.161636
22 0.770176 0.150889 0.089950 0.197173
12 0.554640 0.835776 0.103057 0.208555
2 0.434338 0.589924 0.103932 0.196319
5 0.446520 0.856397 0.115126 0.225304
6 0.532142 0.582793 0.091400 0.184878
15 0.741425 0.791018 0.084822 0.191430
19 0.281768 0.109634 0.123319 0.219269
1 0.326388 0.886741 0.130455 0.217432
20 0.285533 0.359165 0.096493 0.173380
23 0.397621 0.118922 0.106786 0.213071
36 0.380322 0.361860 0.086892 0.161593
35 0.588758 0.148371 0.089047 0.182190
39 0.497695 0.135276 0.097158 0.196899
