6 0.517288 0.690455 0.106958 0.209905
10 0.727110 0.681568 0.103147 0.199059
22 0.818704 0.194537 0.118054 0.230434
3 0.606519 0.457993 0.082625 0.141123
13 0.622869 0.687406 0.104939 0.205620
16 0.828021 0.674878 0.099351 0.192608
2 0.406343 0.696491 0.114089 0.212616
23 0.366219 0.192627 0.117858 0.226531
36 0.341851 0.451504 0.098523 0.170934
20 0.240188 0.450065 0.100814 0.175588
19 0.245945 0.183154 0.128884 0.233145
35 0.588030 0.207179 0.106658 0.201466
39 0.479955 0.201163 0.109571 0.209464
