16 0.786677 0.669855 0.076364 0.160870
6 0.544926 0.689233 0.088262 0.179202
2 0.452411 0.697984 0.095793 0.184988
13 0.630073 0.682730 0.081625 0.170695
10 0.710411 0.676035 0.078181 0.164686
3 0.612857 0.493473 0.064245 0.114382
20 0.321962 0.488373 0.083144 0.149374
22 0.765771 0.286887 0.086031 0.178391
9 0.665847 0.909015 0.098258 0.179958
23 0.420729 0.275239 0.095336 0.180739
35 0.594342 0.293219 0.082444 0.158648
19 0.322482 0.264314 0.105637 0.192177
36 0.402346 0.485657 0.075378 0.144405
15 0.754587 0.898521 0.086225 0.190022
35 0.510287 0.285469 0.085781 0.161821
39 0.509844 0.284949 0.085543 0.166511
