6 0.581244 0.547622 0.088951 0.168119
23 0.465313 0.135795 0.095187 0.185693
16 0.849495 0.547729 0.089831 0.167753
3 0.660153 0.354256 0.071664 0.120965
10 0.760578 0.547981 0.089983 0.168663
19 0.368481 0.129962 0.100897 0.188683
13 0.671223 0.550033 0.089113 0.170157
2 0.490037 0.547057 0.092903 0.172714
15 0.803975 0.777661 0.096185 0.188386
20 0.364387 0.343525 0.078183 0.146160
5 0.498934 0.783641 0.103626 0.201964
36 0.442468 0.345031 0.074265 0.139880
12 0.601460 0.785008 0.101361 0.196798
22 0.848584 0.134053 0.105293 0.201592
35 0.648047 0.144765 0.092877 0.174356
39 0.556962 0.140540 0.094495 0.176502
5 0.391774 0.790096 0.111115 0.197906
35 0.557860 0.142319 0.091748 0.173382
