13 0.609009 0.377081 0.098258 0.187009
16 0.799874 0.369111 0.095792 0.183477
2 0.408736 0.381772 0.108020 0.196455
10 0.704406 0.372919 0.095150 0.186783
6 0.511006 0.378764 0.099385 0.193851
9 0.640830 0.621325 0.107394 0.195224
5 0.425353 0.639236 0.114486 0.205980
3 0.597079 0.149922 0.080928 0.145209
20 0.239574 0.132029 0.102725 0.180548
15 0.743830 0.612166 0.101719 0.192996
36 0.338125 0.133308 0.099535 0.175070
12 0.535093 0.631036 0.107148 0.196054
1 0.306949 0.652641 0.131101 0.203750
