17 0.187580 0.497854 0.144784 0.150916
17 0.180539 0.312507 0.152827 0.176151
17 0.184414 0.694308 0.147544 0.159705
33 0.454189 0.686518 0.130145 0.158679
21 0.321858 0.497765 0.134208 0.144170
33 0.701576 0.326416 0.124056 0.157005
33 0.578729 0.679258 0.122108 0.156850
21 0.322472 0.693509 0.137945 0.159465
21 0.321162 0.316985 0.141911 0.168600
33 0.567234 0.495216 0.119958 0.140166
38 0.173014 0.102168 0.149941 0.178095
37 0.453334 0.317216 0.132645 0.168693
37 0.448126 0.494788 0.121071 0.140334
33 0.448103 0.494463 0.121205 0.137074
17 0.170784 0.103667 0.154558 0.177460
