23 0.480789 0.412635 0.101214 0.114047
23 0.385267 0.412929 0.095868 0.112944
23 0.472439 0.269843 0.103535 0.124849
23 0.580199 0.411553 0.104228 0.116855
19 0.193092 0.281878 0.092109 0.112340
17 0.155565 0.858664 0.100958 0.112611
19 0.124039 0.413287 0.086158 0.106236
17 0.151750 0.717557 0.103065 0.133372
23 0.576227 0.266413 0.107418 0.126300
19 0.207868 0.413702 0.086751 0.107845
21 0.250261 0.721592 0.108210 0.134928
19 0.280715 0.277975 0.095910 0.117263
19 0.295040 0.412942 0.091865 0.110776
19 0.104633 0.285119 0.086345 0.109781
21 0.253663 0.867735 0.102184 0.114618
23 0.373702 0.272983 0.100685 0.120327
33 0.462224 0.887370 0.109918 0.119436
33 0.356420 0.876553 0.105248 0.119222
38 0.140963 0.557818 0.100684 0.130263
37 0.357253 0.726641 0.109018 0.138590
