6 0.452640 0.317704 0.162712 0.173661
1 0.752117 0.793152 0.204501 0.235854
6 0.109930 0.305154 0.182864 0.182061
1 0.915919 0.781451 0.166359 0.223807
6 0.607317 0.319577 0.158717 0.167934
6 0.757460 0.321508 0.149675 0.164009
6 0.287729 0.311786 0.172241 0.175257
2 0.458426 0.526844 0.167236 0.182719
2 0.287987 0.531365 0.178074 0.192300
2 0.921226 0.519457 0.146815 0.170551
2 0.104060 0.536263 0.187803 0.200799
6 0.899672 0.323604 0.144569 0.159464
2 0.773394 0.521664 0.155145 0.174601
1 0.562356 0.804063 0.212179 0.246216
