28 0.426989 0.896746 0.165714 0.180375
45 0.695437 0.494622 0.232269 0.256245
44 0.659832 0.846772 0.251522 0.291868
27 0.243920 0.880829 0.213108 0.229796
30 0.221376 0.492423 0.255737 0.277627
46 0.262944 0.148853 0.212027 0.214313
46 0.462845 0.152748 0.198930 0.201851
26 0.068173 0.857742 0.136345 0.270417
29 0.465181 0.480055 0.241521 0.294563
42 0.646065 0.168345 0.168947 0.168834
31 0.222113 0.494386 0.255137 0.276666
30 0.462550 0.480254 0.243097 0.295296
43 0.647017 0.167638 0.168444 0.168708
