4 0.437598 0.572350 0.132645 0.152857
8 0.906993 0.576906 0.137208 0.150829
4 0.300195 0.574002 0.141252 0.154432
11 0.633346 0.575323 0.136173 0.152804
4 0.159616 0.575199 0.142756 0.155838
8 0.871628 0.924475 0.128747 0.123652
8 0.884777 0.743573 0.127735 0.123259
11 0.741122 0.927009 0.129523 0.120836
11 0.610931 0.926092 0.131735 0.123266
13 0.771093 0.015961 0.138814 0.031879
0 0.282811 0.928587 0.129054 0.124342
13 0.636356 0.014792 0.134994 0.029573
8 0.755050 0.744294 0.126652 0.122041
0 0.426393 0.747106 0.128759 0.126131
0 0.290228 0.745824 0.132324 0.123932
4 0.153107 0.930144 0.132949 0.121085
11 0.769970 0.574022 0.138697 0.153488
