4 0.573173 0.586044 0.132122 0.152182
4 0.439106 0.583959 0.132885 0.151028
8 0.884478 0.761668 0.132454 0.124494
4 0.302886 0.583371 0.135427 0.149404
4 0.164864 0.583929 0.140666 0.151758
8 0.864202 0.943489 0.136749 0.113021
8 0.751867 0.759750 0.132587 0.127028
4 0.277536 0.934128 0.129648 0.120832
13 0.804240 0.030567 0.138697 0.061134
0 0.552752 0.757121 0.129478 0.125292
11 0.863250 0.943092 0.138289 0.113815
8 0.729136 0.941258 0.138290 0.117207
8 0.906053 0.594593 0.137828 0.152555
0 0.533927 0.940161 0.128240 0.119679
11 0.768783 0.591735 0.140391 0.153829
4 0.150104 0.933358 0.132146 0.120059
4 0.405279 0.934722 0.125167 0.122184
4 0.287849 0.752555 0.127205 0.123431
4 0.159115 0.749866 0.129648 0.123296
