13 0.896688 0.097978 0.117395 0.137703
13 0.704971 0.097872 0.111963 0.130831
13 0.590873 0.097376 0.112617 0.128481
8 0.437420 0.940977 0.117494 0.116200
8 0.557259 0.940776 0.114510 0.115863
13 0.475904 0.095703 0.114075 0.134814
13 0.360902 0.094853 0.115262 0.135997
13 0.125915 0.093784 0.117949 0.135585
8 0.675707 0.940373 0.118859 0.117017
13 0.244409 0.094389 0.116192 0.133781
8 0.561929 0.616427 0.117504 0.132613
8 0.684262 0.616532 0.120334 0.133784
8 0.441080 0.615698 0.119952 0.132279
11 0.195648 0.618305 0.124457 0.135882
14 0.849269 0.941546 0.120032 0.116907
8 0.317440 0.942818 0.120176 0.112670
11 0.194208 0.943334 0.125871 0.113332
11 0.320212 0.616521 0.120896 0.133628
11 0.317478 0.942990 0.121470 0.113181
8 0.193642 0.943598 0.122823 0.112186
8 0.685860 0.768214 0.116706 0.119601
11 0.205951 0.772505 0.118390 0.118028
8 0.566790 0.768175 0.116181 0.120029
