16 0.497329 0.660218 0.108441 0.197383
16 0.390569 0.655504 0.103819 0.192600
3 0.498979 0.387034 0.077238 0.124910
10 0.092496 0.641137 0.094574 0.190561
10 0.287805 0.650809 0.102583 0.191701
6 0.396385 0.344774 0.111699 0.208215
6 0.287614 0.345127 0.106313 0.200739
3 0.574768 0.387174 0.077882 0.127191
2 0.078579 0.345208 0.099844 0.194502
13 0.187644 0.647827 0.100635 0.193679
2 0.178251 0.343382 0.109510 0.197759
3 0.657358 0.385945 0.083926 0.132475
7 0.747810 0.384422 0.090523 0.139197
7 0.658186 0.387407 0.085075 0.132360
