1 0.662285 0.827987 0.110517 0.197921
1 0.449790 0.822783 0.103938 0.181423
1 0.554774 0.829280 0.107728 0.185748
6 0.403357 0.260145 0.103828 0.195183
6 0.305086 0.263764 0.098467 0.186405
10 0.135620 0.536762 0.089899 0.180747
16 0.405541 0.543371 0.093823 0.166537
16 0.498757 0.543826 0.093104 0.167291
5 0.247154 0.814924 0.108016 0.173650
3 0.499215 0.298693 0.072557 0.111911
10 0.314552 0.544603 0.092281 0.166836
13 0.222766 0.543815 0.092324 0.169379
5 0.154606 0.810936 0.103617 0.168433
3 0.571316 0.299782 0.071603 0.109606
5 0.349548 0.819262 0.103801 0.178908
2 0.204932 0.264104 0.101755 0.185774
2 0.112182 0.267171 0.095126 0.184401
16 0.594746 0.547222 0.096156 0.176179
3 0.642615 0.296325 0.077268 0.115370
7 0.725979 0.292281 0.080203 0.124553
3 0.725942 0.292444 0.080898 0.124210
1 0.347311 0.817049 0.104441 0.179407
