16 0.451287 0.731339 0.132838 0.253439
6 0.462460 0.346811 0.136005 0.255010
6 0.332034 0.347759 0.133272 0.246919
3 0.584027 0.382902 0.107964 0.177417
16 0.585356 0.735995 0.135223 0.258845
10 0.319496 0.725360 0.131576 0.244326
13 0.191568 0.721489 0.127980 0.248925
10 0.066497 0.718423 0.121977 0.249304
7 0.928679 0.386388 0.116904 0.190474
2 0.198197 0.342576 0.133388 0.245231
3 0.694673 0.383774 0.110213 0.179946
16 0.722925 0.740047 0.136315 0.251726
2 0.066263 0.342456 0.132526 0.242436
7 0.809958 0.386176 0.113435 0.185344
