1 0.457877 0.465872 0.112283 0.201422
16 0.295500 0.149269 0.095086 0.173559
1 0.350858 0.460621 0.110142 0.200053
1 0.243490 0.453334 0.110898 0.202180
10 0.036204 0.147366 0.072409 0.162553
16 0.484584 0.163130 0.100255 0.182679
16 0.389528 0.156183 0.096430 0.179225
5 0.138673 0.446857 0.109551 0.202779
10 0.203387 0.146123 0.094561 0.170808
5 0.044628 0.440173 0.089255 0.198073
13 0.114945 0.146675 0.089774 0.166833
12 0.064956 0.735353 0.104504 0.184787
9 0.270343 0.752120 0.108557 0.189179
12 0.163006 0.748883 0.108492 0.189301
