1 0.464678 0.750217 0.108915 0.200333
1 0.576187 0.766050 0.118879 0.207587
6 0.406278 0.155126 0.099208 0.191743
16 0.497607 0.450998 0.098513 0.184183
1 0.362912 0.737054 0.100618 0.193926
16 0.405277 0.451094 0.090939 0.176517
16 0.600173 0.451373 0.108845 0.189720
10 0.162778 0.446659 0.076609 0.165369
6 0.315512 0.168488 0.089026 0.177907
2 0.147884 0.182919 0.078329 0.170919
5 0.271462 0.724534 0.097348 0.185931
10 0.319052 0.448839 0.087524 0.174111
13 0.237834 0.448699 0.079942 0.166129
3 0.581901 0.167118 0.087883 0.146059
2 0.227765 0.175698 0.088377 0.174678
3 0.496014 0.178296 0.083158 0.138904
5 0.185091 0.715451 0.092902 0.174129
7 0.674590 0.161989 0.095130 0.150399
7 0.773592 0.147579 0.101599 0.160400
2 0.773194 0.147743 0.100467 0.157263
