4 0.078776 0.547852 0.095052 0.115234
4 0.171875 0.551758 0.098958 0.115234
0 0.078125 0.677246 0.091146 0.098633
0 0.171875 0.681641 0.091146 0.099609
0 0.067708 0.817383 0.088542 0.099609
0 0.154948 0.827637 0.093750 0.100586
11 0.308594 0.559570 0.098958 0.115234
11 0.409505 0.562500 0.102865 0.119141
11 0.310547 0.692871 0.097656 0.108398
11 0.412109 0.696777 0.100260 0.112305
11 0.294271 0.842773 0.098958 0.101562
11 0.396484 0.853027 0.100260 0.106445
8 0.514974 0.568848 0.102865 0.125977
8 0.624349 0.575195 0.113281 0.128906
8 0.740885 0.580078 0.114583 0.130859
8 0.514323 0.706543 0.101562 0.110352
8 0.622396 0.710938 0.106771 0.119141
8 0.739583 0.721680 0.122396 0.121094
8 0.495443 0.860840 0.102865 0.116211
8 0.606771 0.874512 0.111979 0.112305
8 0.718099 0.884277 0.121094 0.116211
13 0.264974 0.105469 0.095052 0.117188
13 0.359375 0.100098 0.096354 0.116211
13 0.458333 0.095703 0.098958 0.123047
13 0.559896 0.091309 0.106771 0.122070
13 0.667318 0.087402 0.105469 0.122070
13 0.777995 0.081543 0.113281 0.125977
14 0.891276 0.904297 0.123698 0.126953
15 0.918620 0.738770 0.121094 0.122070
