3 0.606934 0.371094 0.065430 0.125000
2 0.436523 0.595052 0.105469 0.203125
6 0.531738 0.582682 0.094727 0.191406
13 0.620117 0.572266 0.083984 0.178385
10 0.702637 0.566406 0.081055 0.171875
16 0.780273 0.556641 0.076172 0.165365
1 0.326660 0.891927 0.133789 0.210938
5 0.444824 0.860677 0.116211 0.229167
12 0.553711 0.836589 0.103516 0.217448
9 0.653809 0.810547 0.098633 0.204427
15 0.741211 0.795573 0.085938 0.195312
19 0.281738 0.108724 0.124023 0.214844
23 0.396484 0.122396 0.107422 0.203125
39 0.496094 0.136068 0.095703 0.191406
35 0.588867 0.149089 0.087891 0.178385
22 0.769531 0.152995 0.091797 0.194010
20 0.289062 0.358724 0.097656 0.173177
36 0.378906 0.361979 0.085938 0.166667
