3 0.604980 0.457031 0.081055 0.140625
2 0.405762 0.699219 0.116211 0.216146
6 0.515137 0.691406 0.108398 0.208333
13 0.623047 0.686198 0.107422 0.210938
10 0.726074 0.681641 0.104492 0.207031
16 0.826172 0.675781 0.095703 0.195312
19 0.244629 0.186198 0.125977 0.231771
23 0.368164 0.190755 0.119141 0.222656
39 0.481934 0.201823 0.108398 0.216146
35 0.589844 0.205078 0.107422 0.207031
22 0.817871 0.194661 0.124023 0.233073
20 0.242188 0.450521 0.103516 0.179688
36 0.340820 0.452474 0.097656 0.170573
