3 0.657715 0.356120 0.071289 0.121094
2 0.491211 0.548177 0.091797 0.171875
6 0.581055 0.547526 0.089844 0.173177
13 0.671875 0.550130 0.089844 0.175781
10 0.759766 0.546875 0.089844 0.171875
16 0.849121 0.547526 0.088867 0.167969
1 0.393555 0.792969 0.109375 0.192708
5 0.499023 0.786458 0.105469 0.205729
12 0.602051 0.781901 0.102539 0.196615
9 0.703613 0.781250 0.102539 0.190104
15 0.801758 0.777995 0.101562 0.194010
19 0.367188 0.129557 0.101562 0.186198
23 0.462891 0.132812 0.093750 0.182292
39 0.555176 0.136719 0.092773 0.177083
35 0.646484 0.141276 0.087891 0.178385
22 0.846680 0.134115 0.107422 0.205729
20 0.365723 0.345052 0.079102 0.145833
36 0.442383 0.345052 0.074219 0.138021
