11 0.222005 0.583008 0.157552 0.164062
11 0.371094 0.576660 0.148438 0.157227
11 0.251953 0.760254 0.131510 0.125977
11 0.388672 0.756348 0.139323 0.127930
11 0.250651 0.942383 0.144531 0.115234
11 0.389974 0.942383 0.134115 0.115234
8 0.521484 0.576660 0.147135 0.159180
8 0.669271 0.572754 0.148438 0.161133
8 0.822917 0.568359 0.145833 0.160156
8 0.528646 0.752441 0.143229 0.129883
8 0.673177 0.750977 0.140625 0.130859
8 0.819010 0.748535 0.138021 0.129883
8 0.525391 0.941406 0.136719 0.117188
8 0.664714 0.940430 0.134115 0.119141
8 0.800781 0.939453 0.130208 0.121094
