7 0.936880 0.393519 0.107887 0.185185
7 0.821553 0.392692 0.112847 0.180225
3 0.705605 0.391038 0.111607 0.173611
3 0.592138 0.391865 0.107887 0.171958
6 0.469990 0.358796 0.133929 0.244709
6 0.337922 0.361276 0.132688 0.239749
2 0.202133 0.361276 0.136409 0.243056
2 0.074405 0.360450 0.128968 0.238095
10 0.074405 0.734954 0.119048 0.246362
13 0.195933 0.742394 0.128968 0.257937
10 0.328001 0.745701 0.132688 0.261243
16 0.459449 0.750661 0.135169 0.264550
16 0.597718 0.750661 0.141369 0.261243
16 0.740327 0.753142 0.143849 0.259590
