19 0.317871 0.361328 0.102539 0.186198
23 0.417480 0.366536 0.094727 0.167969
39 0.506348 0.371745 0.084961 0.162760
35 0.588379 0.377604 0.079102 0.156250
22 0.755859 0.370443 0.083984 0.173177
20 0.315430 0.578776 0.083984 0.152344
36 0.397949 0.572917 0.081055 0.145833
3 0.608887 0.575521 0.063477 0.114583
2 0.447754 0.789714 0.096680 0.191406
6 0.540039 0.779297 0.087891 0.186198
13 0.626953 0.772786 0.083984 0.180990
10 0.707520 0.759115 0.077148 0.166667
16 0.783203 0.752604 0.074219 0.158854
38 0.552246 0.106120 0.098633 0.188802
34 0.447266 0.095052 0.107422 0.187500
