19 0.130859 0.167969 0.194010 0.201172
23 0.311198 0.176758 0.174479 0.187500
39 0.473958 0.183594 0.158854 0.171875
35 0.623047 0.188965 0.149740 0.166992
22 0.927734 0.178223 0.144531 0.190430
20 0.141276 0.393066 0.149740 0.147461
36 0.284505 0.391113 0.139323 0.137695
3 0.654297 0.392578 0.113281 0.111328
2 0.383464 0.584961 0.160156 0.160156
6 0.534505 0.578125 0.147135 0.156250
13 0.678385 0.568359 0.138021 0.150391
10 0.813802 0.562012 0.132812 0.149414
16 0.939453 0.553711 0.121094 0.148438
1 0.231120 0.825195 0.194010 0.169922
5 0.413411 0.800781 0.167969 0.179688
12 0.575521 0.784668 0.164062 0.165039
9 0.731771 0.769043 0.153646 0.163086
15 0.874349 0.755371 0.134115 0.155273
