3 0.608317 0.576301 0.063041 0.115566
6 0.540839 0.779218 0.089498 0.183185
10 0.706133 0.760780 0.081697 0.172178
16 0.782549 0.752766 0.077194 0.159846
13 0.625821 0.770420 0.085689 0.177501
2 0.447680 0.789077 0.097816 0.191729
19 0.319130 0.356295 0.103898 0.188045
20 0.316360 0.577996 0.084026 0.152051
35 0.588048 0.376161 0.079508 0.157566
36 0.396794 0.575028 0.077038 0.139862
35 0.506019 0.371175 0.085438 0.165575
35 0.398827 0.575569 0.077745 0.144250
23 0.414811 0.365459 0.093029 0.178502
39 0.504632 0.372266 0.083399 0.164156
22 0.758320 0.370164 0.079382 0.173533
