3 0.588073 0.448528 0.076822 0.133809
6 0.506968 0.671618 0.102940 0.197579
16 0.804427 0.657467 0.095736 0.187539
2 0.402308 0.674179 0.108319 0.201418
23 0.364062 0.198175 0.113857 0.210668
19 0.247971 0.191736 0.122004 0.218659
13 0.608720 0.665026 0.102025 0.196352
10 0.707926 0.660944 0.100063 0.192592
20 0.245009 0.441010 0.096868 0.168277
35 0.574795 0.205452 0.103173 0.196998
15 0.759239 0.901890 0.105705 0.193188
35 0.338564 0.442285 0.091051 0.159978
22 0.798343 0.190056 0.119105 0.227412
36 0.336397 0.440174 0.093009 0.161760
