3 0.631581 0.466068 0.064143 0.120876
6 0.560909 0.667861 0.089872 0.179526
13 0.647874 0.657840 0.085231 0.176191
16 0.808505 0.641443 0.081278 0.159702
23 0.431502 0.247696 0.091211 0.181575
35 0.610900 0.256792 0.083676 0.169945
10 0.729269 0.650645 0.081102 0.169000
2 0.470013 0.677184 0.096572 0.183729
20 0.332657 0.468056 0.087768 0.155463
19 0.330121 0.238912 0.110482 0.205630
12 0.586938 0.905146 0.101591 0.189335
35 0.416061 0.466646 0.078036 0.146714
9 0.684250 0.891845 0.096655 0.198555
