3 0.607777 0.369784 0.068260 0.130215
6 0.532275 0.584088 0.093393 0.182942
5 0.446519 0.857287 0.114791 0.224549
13 0.620562 0.575604 0.086313 0.180003
12 0.553857 0.837301 0.103376 0.208842
16 0.780971 0.558548 0.076519 0.162773
23 0.399328 0.118883 0.103799 0.215122
19 0.283189 0.109618 0.121208 0.219236
20 0.288247 0.360476 0.096779 0.171165
10 0.702917 0.567224 0.080669 0.169977
2 0.436287 0.591442 0.101686 0.195443
9 0.654021 0.811410 0.096240 0.196371
35 0.588400 0.145679 0.089039 0.183904
22 0.768169 0.148591 0.090866 0.197565
