3 0.659638 0.353558 0.071083 0.120810
5 0.498160 0.785760 0.104695 0.204978
16 0.848765 0.548295 0.088485 0.168357
19 0.367830 0.131526 0.100979 0.185765
6 0.580898 0.548642 0.090157 0.167709
12 0.601579 0.784781 0.103115 0.197655
35 0.647368 0.144292 0.091379 0.174067
20 0.365635 0.343204 0.078047 0.143967
10 0.760072 0.547102 0.090812 0.170115
13 0.672110 0.548609 0.088325 0.171007
5 0.393115 0.791454 0.109884 0.199534
36 0.439944 0.343813 0.073124 0.138330
23 0.464969 0.133309 0.089684 0.184532
