3 0.596273 0.149284 0.081070 0.147503
5 0.425923 0.639502 0.113314 0.207010
6 0.511321 0.379739 0.100988 0.192143
16 0.799418 0.369933 0.094174 0.186906
12 0.535320 0.631323 0.106254 0.196530
13 0.609398 0.375669 0.098084 0.190612
2 0.405623 0.383316 0.105817 0.198094
20 0.242143 0.131997 0.101795 0.182543
10 0.703898 0.373195 0.096802 0.187762
5 0.308032 0.655678 0.127262 0.204061
19 0.242998 0.132364 0.101254 0.180304
9 0.641876 0.623261 0.104827 0.196108
15 0.743121 0.612115 0.100931 0.194127
1 0.307613 0.653193 0.129077 0.205974
35 0.337554 0.135541 0.095690 0.174793
10 0.640946 0.621994 0.103799 0.196453
