17 0.303035 0.800246 0.083321 0.145955
17 0.284488 0.409814 0.102843 0.190762
17 0.300886 0.602360 0.088185 0.141026
17 0.262915 0.160938 0.106636 0.215233
33 0.465291 0.609018 0.079997 0.135098
21 0.375287 0.411501 0.094583 0.190447
33 0.463767 0.806209 0.079783 0.151376
21 0.384274 0.603969 0.082366 0.139176
21 0.383651 0.804587 0.083912 0.144280
38 0.263391 0.161095 0.106172 0.215928
33 0.466230 0.408508 0.091540 0.196239
37 0.464418 0.608124 0.079356 0.134991
37 0.463746 0.805376 0.079232 0.148977
33 0.543304 0.807732 0.081877 0.153711
35 0.262650 0.160559 0.106834 0.216082
33 0.647079 0.412037 0.094558 0.190244
33 0.546384 0.607500 0.079238 0.140595
37 0.465557 0.408116 0.090914 0.196627
33 0.560370 0.169094 0.102407 0.213678
