17 0.181465 0.313907 0.150062 0.172350
17 0.185587 0.694166 0.144247 0.160996
17 0.187888 0.497412 0.145342 0.147850
21 0.319776 0.318030 0.142386 0.168865
21 0.320600 0.689214 0.143223 0.161153
21 0.320423 0.496688 0.138605 0.142416
33 0.455893 0.685003 0.130504 0.157748
17 0.172137 0.101371 0.148243 0.178196
33 0.578017 0.679913 0.124585 0.156507
33 0.566778 0.496381 0.121044 0.141000
33 0.447837 0.495776 0.122963 0.139509
38 0.172855 0.101021 0.148007 0.177462
37 0.455810 0.685235 0.131699 0.157943
37 0.447483 0.497260 0.122677 0.138995
33 0.454529 0.315068 0.134410 0.165109
37 0.578428 0.677449 0.125654 0.157308
37 0.454519 0.317532 0.134439 0.173744
33 0.700575 0.326973 0.123230 0.159117
35 0.170933 0.102476 0.147922 0.176150
37 0.567519 0.495764 0.117312 0.137297
33 0.584362 0.130303 0.132277 0.155648
