17 0.155343 0.859112 0.100892 0.111427
17 0.151702 0.716206 0.101653 0.131550
17 0.140340 0.561222 0.104770 0.129108
21 0.250392 0.721671 0.108394 0.130622
33 0.481535 0.414338 0.100113 0.111788
21 0.386513 0.414117 0.092894 0.108840
33 0.356451 0.878027 0.104921 0.111669
21 0.253316 0.868990 0.100575 0.110876
17 0.123051 0.414367 0.088505 0.103256
33 0.385785 0.414875 0.095191 0.108239
21 0.481995 0.413783 0.099421 0.112094
37 0.355970 0.878524 0.105279 0.113607
37 0.356152 0.726672 0.110046 0.140909
33 0.356027 0.726961 0.110671 0.140446
17 0.105181 0.286971 0.089400 0.110714
33 0.457108 0.572119 0.113955 0.130594
21 0.374527 0.276112 0.099317 0.118027
21 0.294356 0.414945 0.094908 0.107394
38 0.140295 0.561324 0.099740 0.126000
33 0.461810 0.889055 0.105880 0.112982
21 0.472940 0.272577 0.103280 0.120668
33 0.581433 0.413221 0.103275 0.113278
37 0.385960 0.414573 0.094675 0.108494
19 0.192464 0.284210 0.091926 0.111418
37 0.462251 0.889647 0.106784 0.113806
21 0.240962 0.984919 0.106504 0.030082
21 0.208341 0.415601 0.100265 0.106261
35 0.139066 0.557968 0.103508 0.127104
33 0.472867 0.271873 0.100744 0.120475
34 0.141274 0.561170 0.099752 0.125858
21 0.192027 0.284359 0.092760 0.111897
