17 0.156430 0.904366 0.113585 0.116602
17 0.149242 0.752279 0.114762 0.140491
17 0.115680 0.432611 0.098491 0.110128
21 0.259233 0.753019 0.116760 0.137495
21 0.402793 0.429587 0.099122 0.109911
21 0.502022 0.428859 0.101901 0.113694
33 0.374754 0.914121 0.112679 0.113003
33 0.373653 0.755248 0.116906 0.148047
21 0.263125 0.906431 0.107005 0.114437
19 0.194256 0.296962 0.100292 0.112380
19 0.096862 0.298252 0.098080 0.114458
33 0.478911 0.589642 0.117598 0.131363
37 0.374244 0.754392 0.116360 0.147399
33 0.487517 0.918625 0.111717 0.121083
21 0.390550 0.289008 0.102014 0.118149
19 0.290424 0.292449 0.102968 0.116859
38 0.137325 0.586172 0.111020 0.133469
37 0.487245 0.917775 0.111208 0.118933
33 0.493252 0.285913 0.105124 0.121021
33 0.501608 0.428597 0.102106 0.112084
17 0.137072 0.586499 0.110077 0.132685
