6 0.167658 0.367926 0.147763 0.153994
6 0.465568 0.362493 0.147987 0.156340
6 0.316813 0.366794 0.153717 0.155470
6 0.924945 0.344527 0.150110 0.162709
6 0.615098 0.355663 0.153930 0.157098
6 0.774398 0.349994 0.162846 0.159726
2 0.155708 0.568132 0.151886 0.175705
2 0.308273 0.563931 0.157091 0.178111
2 0.788475 0.552450 0.173571 0.184682
5 0.560343 0.835394 0.209771 0.247365
2 0.464814 0.560196 0.157575 0.177109
2 0.935254 0.551096 0.128038 0.182296
2 0.626077 0.565331 0.165785 0.162871
5 0.763384 0.835301 0.212485 0.247415
