32 0.187819 0.795774 0.130208 0.140416
29 0.719146 0.775106 0.221773 0.229695
31 0.327819 0.789537 0.168866 0.179489
45 0.905901 0.789257 0.181832 0.204288
30 0.513894 0.777355 0.204352 0.215275
42 0.910322 0.523809 0.161420 0.174461
29 0.511419 0.773229 0.205360 0.222906
42 0.378007 0.496953 0.180009 0.205327
41 0.193534 0.478766 0.206394 0.239305
46 0.558117 0.500050 0.180626 0.209209
42 0.561181 0.498403 0.184571 0.206402
46 0.742188 0.500114 0.184170 0.211587
29 0.903850 0.783263 0.180405 0.215620
