31 0.379200 0.313713 0.163799 0.317344
32 0.231389 0.343076 0.133796 0.243204
30 0.554083 0.290367 0.189691 0.377682
27 0.566931 0.830105 0.160959 0.324524
26 0.191205 0.780195 0.207721 0.425698
25 0.191901 0.780895 0.205082 0.429706
26 0.390209 0.797505 0.198633 0.390543
29 0.739216 0.278222 0.187141 0.399227
28 0.704221 0.859415 0.127530 0.259746
23 0.390363 0.795840 0.198659 0.388807
30 0.740303 0.280453 0.186109 0.407172
23 0.189449 0.780594 0.207633 0.423936
29 0.552565 0.286733 0.191456 0.371922
