31 0.287088 0.342522 0.153628 0.292197
32 0.156724 0.384348 0.116315 0.214541
28 0.621312 0.838828 0.130886 0.264343
29 0.620961 0.275850 0.185994 0.374764
25 0.127468 0.793290 0.192197 0.402197
26 0.312958 0.791854 0.189193 0.376956
30 0.445860 0.305107 0.185873 0.341409
27 0.482085 0.811574 0.159308 0.323527
31 0.446397 0.302895 0.187766 0.342460
44 0.800768 0.755619 0.208874 0.417778
30 0.620349 0.277264 0.185863 0.373308
26 0.126195 0.789505 0.192209 0.408600
25 0.311873 0.791816 0.188538 0.381041
45 0.794754 0.280595 0.178493 0.338605
45 0.801220 0.754346 0.206218 0.416891
