29 0.697970 0.709510 0.165057 0.333557
31 0.414862 0.754747 0.125516 0.257179
32 0.309946 0.780649 0.092949 0.196062
30 0.549486 0.728784 0.158469 0.308725
46 0.436952 0.357907 0.134751 0.246073
45 0.858135 0.713466 0.167518 0.313737
46 0.557712 0.352264 0.130278 0.237786
43 0.802008 0.352914 0.118365 0.196054
29 0.549297 0.723004 0.157890 0.313791
41 0.439385 0.360513 0.131725 0.255226
42 0.439214 0.362589 0.130629 0.247527
46 0.682924 0.346258 0.134590 0.229406
41 0.315808 0.361045 0.140271 0.273904
