30 0.220847 0.493952 0.254344 0.275660
29 0.464058 0.481218 0.239514 0.288829
27 0.244821 0.878176 0.210903 0.231124
43 0.644955 0.166448 0.172074 0.165730
46 0.264216 0.147405 0.212976 0.215377
32 0.429536 0.893062 0.169248 0.178607
45 0.698055 0.490256 0.236371 0.259518
28 0.429194 0.895922 0.164852 0.191361
46 0.466577 0.149270 0.204158 0.211847
44 0.663843 0.844373 0.251420 0.295324
45 0.664844 0.844703 0.251682 0.295709
46 0.081269 0.145363 0.162537 0.220472
30 0.463567 0.482256 0.240443 0.292437
