31 0.321607 0.460257 0.228948 0.249183
32 0.119413 0.487103 0.182856 0.191737
27 0.591693 0.853484 0.217454 0.254546
25 0.106467 0.831693 0.210414 0.331199
29 0.811094 0.428321 0.251802 0.313441
30 0.559992 0.439632 0.256725 0.293044
26 0.347371 0.836942 0.276400 0.307916
28 0.774930 0.870711 0.171730 0.201317
25 0.348746 0.835588 0.274539 0.302726
31 0.562140 0.440134 0.254335 0.289269
32 0.780752 0.871367 0.168642 0.195874
31 0.589467 0.852799 0.222064 0.255746
41 0.387031 0.091044 0.234767 0.181993
