31 0.183059 0.491693 0.238757 0.256944
27 0.464823 0.880279 0.229988 0.238079
30 0.432014 0.469339 0.269508 0.297602
29 0.696250 0.452352 0.265708 0.315725
32 0.664335 0.902419 0.178528 0.190670
25 0.210735 0.859415 0.282270 0.278692
43 0.886673 0.115699 0.182383 0.181050
26 0.210248 0.856541 0.279564 0.280396
45 0.911775 0.463432 0.175306 0.280356
28 0.662280 0.902372 0.175618 0.194273
41 0.248446 0.104421 0.238650 0.208503
30 0.694273 0.457265 0.261698 0.324686
44 0.898349 0.841208 0.199149 0.300341
