16 0.764158 0.621866 0.141093 0.150644
20 0.143698 0.425237 0.126997 0.122807
3 0.618371 0.424183 0.116137 0.115519
35 0.622205 0.243299 0.143740 0.159539
13 0.476229 0.626996 0.147996 0.157490
19 0.182900 0.238192 0.151786 0.161864
5 0.380716 0.840826 0.177103 0.173194
23 0.928294 0.226739 0.138964 0.193328
22 0.927515 0.226340 0.139572 0.192990
22 0.328769 0.240007 0.157426 0.161160
18 0.191978 0.026843 0.191176 0.053686
10 0.709929 0.828066 0.162699 0.172785
17 0.191982 0.026167 0.190710 0.052335
10 0.620340 0.631202 0.142351 0.139072
36 0.267370 0.424893 0.120786 0.120047
9 0.713665 0.825977 0.160906 0.173678
39 0.266085 0.425281 0.124552 0.121131
18 0.330460 0.238678 0.156657 0.161424
35 0.266242 0.425533 0.123952 0.121181
34 0.623501 0.243666 0.143528 0.160204
19 0.779304 0.221616 0.172018 0.203503
23 0.778091 0.225482 0.167725 0.192860
