3 0.372094 0.152805 0.145370 0.167401
6 0.207732 0.012136 0.140089 0.023946
2 0.324677 0.785653 0.134614 0.134064
5 0.796484 0.630911 0.173776 0.175271
3 0.518041 0.146452 0.152668 0.169947
3 0.230657 0.156751 0.142427 0.162237
5 0.461953 0.796364 0.142538 0.138756
2 0.194464 0.773062 0.133449 0.131505
2 0.188549 0.604169 0.148815 0.154158
2 0.334488 0.611236 0.147034 0.158933
8 0.734075 0.981144 0.154654 0.037650
2 0.462506 0.797702 0.142533 0.138670
2 0.796588 0.631204 0.174213 0.175648
2 0.481235 0.615835 0.149046 0.163148
2 0.093769 0.159157 0.137118 0.157412
2 0.633721 0.623171 0.158851 0.167544
2 0.603503 0.807658 0.146349 0.140899
5 0.324349 0.784479 0.134409 0.133934
0 0.311752 0.958077 0.135526 0.083846
0 0.585267 0.970727 0.142795 0.058546
