8 0.907276 0.577480 0.131468 0.147769
11 0.610583 0.928227 0.131725 0.123784
8 0.741440 0.926633 0.131288 0.122398
11 0.743198 0.927717 0.134542 0.123732
8 0.628290 0.742797 0.127536 0.124462
11 0.756303 0.742095 0.129599 0.124161
8 0.870142 0.925809 0.126369 0.123506
8 0.887121 0.740773 0.127656 0.124283
11 0.628705 0.742472 0.127759 0.124639
11 0.870661 0.925618 0.125743 0.123018
11 0.886328 0.742144 0.128371 0.127316
11 0.633390 0.576062 0.134885 0.150069
8 0.964983 0.925711 0.070033 0.121761
8 0.611587 0.927668 0.132590 0.123083
11 0.769753 0.576756 0.138152 0.151610
6 0.122703 0.013828 0.136586 0.027426
4 0.281774 0.929813 0.128332 0.123982
5 0.437676 0.573570 0.132981 0.150126
8 0.769269 0.576781 0.138754 0.151231
