27 0.287132 0.448126 0.113353 0.217926
29 0.426337 0.730446 0.122177 0.236125
42 0.389850 0.447595 0.113525 0.215163
42 0.178652 0.450474 0.120187 0.221953
29 0.306567 0.729159 0.120375 0.239067
26 0.544984 0.731748 0.120903 0.244987
30 0.307623 0.736956 0.121983 0.226118
42 0.286083 0.446292 0.116502 0.214622
25 0.188378 0.721371 0.125905 0.247192
40 0.666021 0.727965 0.127339 0.248340
45 0.669270 0.733711 0.126338 0.242500
29 0.546301 0.731870 0.122947 0.231803
30 0.424825 0.726503 0.123442 0.247892
46 0.388880 0.446325 0.114710 0.218745
