3 0.451682 0.158709 0.098779 0.108388
3 0.548230 0.167278 0.094269 0.106321
3 0.639478 0.170936 0.089339 0.103780
3 0.352770 0.155359 0.099807 0.106270
3 0.253914 0.149036 0.102293 0.107851
2 0.148470 0.140795 0.107433 0.111115
3 0.725815 0.178451 0.090858 0.099349
13 0.664770 0.356498 0.105612 0.131268
12 0.606748 0.742846 0.135810 0.154331
11 0.477749 0.946220 0.138671 0.107233
11 0.611175 0.946003 0.134069 0.107335
3 0.276846 0.151190 0.060151 0.107108
14 0.858300 0.931515 0.115937 0.136302
7 0.147579 0.139095 0.110775 0.111598
3 0.294691 0.151038 0.039492 0.103086
11 0.472581 0.755453 0.139624 0.154033
11 0.335880 0.954994 0.145899 0.089450
14 0.738297 0.935821 0.124214 0.128358
8 0.611367 0.945991 0.133485 0.108018
7 0.728371 0.178849 0.089377 0.102234
8 0.857588 0.931115 0.116402 0.137771
8 0.476908 0.945895 0.136976 0.108209
8 0.335588 0.954790 0.145097 0.089606
8 0.738533 0.936126 0.125092 0.127748
11 0.186674 0.964865 0.156853 0.069844
