8 0.713054 0.883502 0.106075 0.116733
8 0.624352 0.572683 0.110517 0.122317
8 0.624155 0.713115 0.108771 0.113903
8 0.514409 0.568663 0.105468 0.119705
8 0.411878 0.561836 0.102830 0.119078
8 0.515786 0.703830 0.103984 0.110528
0 0.149955 0.823672 0.091907 0.102181
8 0.737973 0.579139 0.112022 0.124209
8 0.497208 0.861109 0.104688 0.111371
8 0.735553 0.721788 0.108607 0.114517
11 0.314446 0.687917 0.098675 0.108346
8 0.412438 0.697375 0.101223 0.109947
8 0.890434 0.906390 0.124542 0.116927
11 0.410223 0.561760 0.101689 0.119459
11 0.294272 0.837713 0.101934 0.108698
11 0.411477 0.696539 0.100068 0.108868
11 0.738898 0.578084 0.113185 0.125940
8 0.603531 0.874290 0.109674 0.114520
4 0.156809 0.822473 0.096709 0.104528
