3 0.451146 0.177680 0.130210 0.142595
3 0.320055 0.176218 0.131509 0.141001
11 0.863040 0.943338 0.137426 0.113323
8 0.863911 0.943358 0.135761 0.113284
8 0.732348 0.941514 0.132125 0.115414
3 0.190680 0.175574 0.135224 0.141756
11 0.883055 0.761773 0.129618 0.125704
11 0.754174 0.758956 0.132039 0.128134
8 0.962808 0.943334 0.074384 0.113333
3 0.435612 0.028067 0.127537 0.056135
2 0.149307 0.934195 0.135550 0.119216
3 0.303989 0.026992 0.138709 0.053984
4 0.534625 0.939237 0.129764 0.118620
11 0.731819 0.941189 0.132784 0.116906
2 0.571656 0.587067 0.131331 0.146245
8 0.884573 0.762194 0.130255 0.126730
3 0.168280 0.028191 0.133586 0.056382
2 0.288647 0.751861 0.129311 0.124047
2 0.533751 0.940353 0.127501 0.119294
5 0.571696 0.587623 0.133162 0.143993
3 0.572166 0.028873 0.130622 0.057746
