8 0.556474 0.942234 0.114786 0.115049
8 0.673373 0.940825 0.114234 0.116489
8 0.562650 0.616793 0.118024 0.131502
8 0.683839 0.616102 0.118466 0.131961
8 0.436513 0.941475 0.118936 0.115978
8 0.442541 0.616814 0.120987 0.132440
8 0.566892 0.766107 0.116893 0.113604
11 0.318297 0.942517 0.121145 0.114966
8 0.687191 0.767118 0.116519 0.119367
8 0.445927 0.767966 0.118170 0.117800
11 0.206415 0.771635 0.116828 0.118106
8 0.317652 0.942718 0.121182 0.114196
11 0.195715 0.943350 0.122535 0.113299
11 0.325540 0.769660 0.118486 0.118708
8 0.849572 0.941430 0.117159 0.116585
8 0.206416 0.771619 0.116894 0.117682
8 0.320501 0.616823 0.120145 0.133711
11 0.197179 0.618253 0.123239 0.134524
8 0.197087 0.618371 0.124455 0.134782
8 0.196217 0.942951 0.124476 0.113992
8 0.325462 0.769627 0.118768 0.118815
14 0.850428 0.941688 0.114921 0.116624
8 0.954039 0.939767 0.091922 0.117124
