32 0.374887 0.826279 0.093971 0.164796
42 0.401137 0.445166 0.125799 0.234133
42 0.519730 0.441949 0.121381 0.235670
46 0.400523 0.444811 0.124815 0.236642
28 0.464030 0.815704 0.098873 0.181786
43 0.280392 0.825246 0.096670 0.169606
28 0.185346 0.820621 0.097504 0.182867
42 0.278712 0.441177 0.128151 0.240278
43 0.189476 0.826614 0.097103 0.171057
46 0.520425 0.446170 0.116016 0.233011
30 0.278935 0.443601 0.127743 0.239865
42 0.153426 0.444959 0.134062 0.247362
27 0.743517 0.440132 0.112166 0.229000
42 0.632282 0.441143 0.115212 0.232746
