8 0.089952 0.940247 0.123030 0.117169
8 0.210471 0.940889 0.122612 0.117278
16 0.616153 0.226829 0.121945 0.143317
16 0.738665 0.226275 0.122421 0.143285
16 0.496083 0.226878 0.120236 0.142312
8 0.390671 0.944965 0.120388 0.109792
11 0.099059 0.764623 0.124316 0.120526
11 0.221586 0.766054 0.124240 0.120791
8 0.512578 0.945302 0.121667 0.109395
8 0.203923 0.610145 0.134590 0.139139
8 0.100020 0.764660 0.125838 0.121283
8 0.635683 0.945095 0.124693 0.108812
14 0.408476 0.769297 0.120476 0.119201
14 0.389127 0.944562 0.123101 0.110876
8 0.408614 0.769030 0.120764 0.119264
8 0.887565 0.949473 0.125945 0.100185
14 0.512733 0.944632 0.121367 0.110737
8 0.071129 0.608938 0.129959 0.139825
14 0.904693 0.770781 0.125773 0.121509
16 0.387778 0.612238 0.130702 0.143800
11 0.071998 0.607914 0.131524 0.139947
8 0.516464 0.615597 0.127943 0.137036
15 0.907443 0.617164 0.131902 0.135953
8 0.222356 0.766747 0.123956 0.122237
8 0.762137 0.945211 0.124532 0.109578
16 0.516547 0.615650 0.127381 0.136877
14 0.762500 0.945126 0.124631 0.109747
