13 0.273983 0.822560 0.138031 0.260360
5 0.211645 0.495959 0.136711 0.266804
13 0.484992 0.499139 0.135935 0.262481
10 0.138002 0.821148 0.136865 0.260430
10 0.408811 0.823879 0.135874 0.250546
5 0.345628 0.499528 0.139704 0.269725
13 0.618683 0.504953 0.139132 0.263336
10 0.618299 0.504762 0.138071 0.270819
2 0.347671 0.500298 0.137492 0.269748
13 0.138121 0.821707 0.136334 0.265479
2 0.208997 0.493845 0.133520 0.266673
13 0.408355 0.824062 0.133137 0.249946
16 0.761471 0.511590 0.143270 0.271706
10 0.484613 0.501896 0.135914 0.269086
12 0.407686 0.823340 0.134100 0.244703
