3 0.498964 0.386714 0.076493 0.125623
3 0.576973 0.388116 0.076197 0.125162
6 0.397447 0.346018 0.115064 0.207171
16 0.391183 0.655413 0.104594 0.193745
16 0.497376 0.660689 0.108558 0.200860
6 0.289568 0.346127 0.108736 0.199953
2 0.078735 0.345227 0.099227 0.195649
2 0.180045 0.344794 0.110094 0.200035
16 0.605809 0.662765 0.109074 0.202887
10 0.287817 0.650890 0.105740 0.192083
10 0.093915 0.641883 0.094044 0.185874
7 0.748158 0.384869 0.090778 0.139640
3 0.659363 0.388335 0.084580 0.129169
13 0.189421 0.645383 0.100304 0.188902
7 0.657887 0.388211 0.083642 0.130319
2 0.748438 0.385911 0.090206 0.139631
5 0.105278 0.921863 0.098457 0.150285
2 0.657632 0.387618 0.084199 0.132924
3 0.526885 0.387633 0.031873 0.125916
