6 0.404914 0.259539 0.100237 0.189877
3 0.498518 0.300740 0.072084 0.113446
1 0.554770 0.826706 0.103417 0.189643
1 0.451393 0.823613 0.102970 0.183978
3 0.571153 0.301143 0.071400 0.109708
6 0.306178 0.266557 0.100337 0.184065
16 0.500872 0.545637 0.093539 0.173034
5 0.248872 0.815455 0.105662 0.172790
1 0.660498 0.828861 0.106754 0.196256
16 0.406891 0.545681 0.094031 0.169445
5 0.350138 0.817912 0.102863 0.179580
2 0.111239 0.268243 0.095929 0.185111
3 0.645386 0.297968 0.075795 0.114722
13 0.223655 0.543227 0.091159 0.168687
5 0.154873 0.811197 0.098182 0.169751
10 0.137766 0.543162 0.087515 0.167418
2 0.207128 0.264786 0.102673 0.187417
1 0.349235 0.818187 0.104840 0.176437
2 0.726541 0.292684 0.080749 0.125690
10 0.314026 0.544259 0.093180 0.166846
7 0.726374 0.293473 0.081020 0.125074
16 0.595062 0.547046 0.097484 0.174710
10 0.406807 0.545041 0.096995 0.168124
7 0.646367 0.297513 0.077742 0.117643
3 0.726263 0.293729 0.082313 0.122737
5 0.661250 0.828499 0.110122 0.197563
1 0.250546 0.815451 0.104678 0.172348
10 0.222841 0.540346 0.095547 0.174292
5 0.111524 0.268495 0.095893 0.185134
2 0.646280 0.296463 0.077904 0.118890
5 0.213665 0.813715 0.186522 0.170110
