5 0.043442 0.438289 0.086756 0.199308
16 0.484539 0.163469 0.097767 0.183615
5 0.139083 0.444605 0.107452 0.201214
13 0.114633 0.146539 0.089354 0.166529
10 0.036364 0.147764 0.072729 0.164324
9 0.165581 0.748825 0.105566 0.183414
9 0.068046 0.735868 0.100355 0.183444
9 0.272219 0.752218 0.108781 0.189352
2 0.351746 0.462528 0.110300 0.198814
16 0.295181 0.150017 0.093266 0.170518
16 0.389470 0.155036 0.094734 0.180370
10 0.202570 0.147490 0.093072 0.170042
12 0.375603 0.757462 0.103511 0.199891
13 0.036239 0.147782 0.072477 0.165409
1 0.141295 0.446201 0.105653 0.198423
12 0.475990 0.765372 0.104324 0.196013
2 0.139437 0.446685 0.107111 0.202813
5 0.457089 0.463775 0.109793 0.196566
10 0.272407 0.750984 0.110721 0.191261
1 0.245185 0.455235 0.107335 0.199496
1 0.045904 0.445076 0.088960 0.196891
9 0.375493 0.755738 0.103218 0.195943
1 0.457100 0.463796 0.109317 0.197032
1 0.351343 0.461571 0.108833 0.200019
2 0.043129 0.438073 0.086258 0.198401
2 0.243656 0.455328 0.106241 0.200159
5 0.244248 0.454342 0.109410 0.199903
12 0.066120 0.735393 0.099207 0.183102
5 0.349821 0.459284 0.108351 0.197515
