4 0.525664 0.763204 0.085891 0.158778
5 0.135878 0.244806 0.103218 0.167951
12 0.266594 0.497680 0.102929 0.166868
11 0.684444 0.736529 0.081205 0.149800
10 0.360953 0.488096 0.093870 0.159967
9 0.267436 0.495279 0.101472 0.164811
2 0.493216 0.240229 0.082540 0.151065
6 0.322340 0.242100 0.092491 0.160957
9 0.445919 0.483190 0.084038 0.151160
2 0.132390 0.243770 0.103210 0.167702
2 0.409099 0.240757 0.089057 0.157638
4 0.606393 0.756889 0.080009 0.154228
15 0.255634 0.818958 0.104202 0.175604
15 0.352320 0.800386 0.100485 0.172373
5 0.229787 0.243663 0.098323 0.165306
2 0.229696 0.242836 0.096749 0.164330
13 0.447246 0.481259 0.084417 0.151276
9 0.525063 0.476104 0.078809 0.145109
6 0.409360 0.240161 0.087250 0.156967
13 0.524954 0.475355 0.078601 0.143055
12 0.525162 0.476300 0.079468 0.145850
11 0.757737 0.722242 0.078992 0.142498
11 0.824696 0.712323 0.075616 0.147832
0 0.523115 0.766752 0.084008 0.157908
