13 0.112748 0.295998 0.091495 0.166489
11 0.453569 0.615702 0.112460 0.202059
2 0.099168 0.063900 0.076902 0.127799
4 0.346083 0.618547 0.112397 0.195046
13 0.200001 0.291666 0.087898 0.166193
1 0.242008 0.620721 0.101072 0.193027
11 0.564328 0.613038 0.117713 0.204924
8 0.679577 0.612431 0.127862 0.220943
12 0.034326 0.306066 0.068652 0.165389
11 0.677925 0.607562 0.123233 0.210943
2 0.033323 0.072427 0.066549 0.136617
13 0.034593 0.305107 0.069186 0.164783
5 0.099317 0.060800 0.075077 0.120042
8 0.799970 0.595960 0.126347 0.225758
1 0.143791 0.621091 0.097963 0.191498
13 0.288420 0.282930 0.097323 0.174452
2 0.262907 0.050539 0.087349 0.100779
8 0.904382 0.594790 0.106467 0.223166
2 0.179399 0.057492 0.082801 0.114983
10 0.112599 0.297217 0.091418 0.168742
5 0.031372 0.066797 0.062745 0.124953
12 0.289295 0.282917 0.097635 0.174729
7 0.262318 0.050400 0.091746 0.100800
