3 0.593054 0.394733 0.110282 0.173314
6 0.473219 0.359696 0.134618 0.243454
6 0.340749 0.361702 0.131043 0.241169
3 0.706297 0.391219 0.112667 0.177677
16 0.599470 0.751874 0.142987 0.268867
2 0.075976 0.359945 0.129184 0.238399
16 0.740678 0.755011 0.146615 0.264753
16 0.460297 0.749737 0.138293 0.262949
2 0.204765 0.357935 0.136084 0.244946
13 0.197533 0.740277 0.132710 0.260079
3 0.935961 0.390279 0.109468 0.183692
10 0.074187 0.736208 0.118319 0.252556
3 0.821256 0.393185 0.112988 0.176197
10 0.325617 0.742031 0.137733 0.259872
2 0.936754 0.390375 0.111739 0.182990
10 0.197908 0.736273 0.133686 0.259694
7 0.936704 0.390672 0.111914 0.182286
2 0.822090 0.393356 0.111455 0.176051
7 0.819825 0.393151 0.113137 0.176957
13 0.073684 0.736712 0.119913 0.253080
