5 0.112591 0.669722 0.155541 0.281342
10 0.069908 0.227433 0.133680 0.262461
5 0.741607 0.691550 0.173679 0.296205
13 0.206204 0.226339 0.147818 0.269340
5 0.259844 0.676111 0.161628 0.287719
1 0.575003 0.685732 0.164599 0.293811
1 0.415576 0.680244 0.158763 0.291532
16 0.934167 0.236468 0.131665 0.263168
16 0.793152 0.233881 0.153348 0.276060
5 0.417631 0.679999 0.159049 0.291217
1 0.741895 0.689624 0.174759 0.296377
16 0.492249 0.226181 0.148270 0.276394
16 0.641254 0.229913 0.153535 0.279543
