5 0.169515 0.203393 0.148301 0.283840
5 0.744997 0.210743 0.153205 0.288852
10 0.486659 0.608216 0.134266 0.239112
12 0.746514 0.619026 0.130194 0.242392
13 0.352027 0.608724 0.135716 0.239334
2 0.452416 0.210634 0.145534 0.287772
10 0.352195 0.605448 0.135033 0.240192
2 0.598188 0.213198 0.150514 0.288118
5 0.309555 0.202729 0.145994 0.284541
13 0.613890 0.612554 0.129289 0.244016
2 0.744830 0.210862 0.153009 0.288043
2 0.309325 0.202964 0.147012 0.283775
9 0.219663 0.600713 0.138753 0.244653
5 0.451812 0.209159 0.144049 0.283037
5 0.598061 0.213225 0.149812 0.287696
