5 0.288211 0.228474 0.169962 0.320195
5 0.130443 0.231643 0.181952 0.321801
8 0.492469 0.654814 0.136738 0.246268
1 0.609030 0.231816 0.161116 0.318562
5 0.770598 0.229799 0.174507 0.315830
2 0.767028 0.227984 0.172745 0.318535
5 0.446604 0.230786 0.160931 0.318262
12 0.625683 0.653081 0.135096 0.243989
1 0.447251 0.229471 0.159159 0.317153
2 0.447659 0.233667 0.163899 0.321293
10 0.491743 0.655460 0.137117 0.247196
2 0.288297 0.229084 0.168886 0.319992
2 0.605567 0.230574 0.159244 0.317192
1 0.770759 0.229312 0.175221 0.315816
