5 0.140974 0.252464 0.149338 0.287019
5 0.275508 0.245313 0.148090 0.298992
1 0.574594 0.241266 0.159444 0.318844
9 0.328351 0.654005 0.133349 0.229434
10 0.462316 0.659772 0.135743 0.244245
8 0.462732 0.661318 0.135245 0.245709
1 0.418783 0.245592 0.154606 0.305642
5 0.419218 0.245601 0.154140 0.303297
12 0.598557 0.666892 0.139091 0.247619
2 0.273668 0.247537 0.149491 0.295574
1 0.746157 0.234571 0.187011 0.329218
9 0.204750 0.645884 0.131608 0.230100
5 0.574120 0.240388 0.161659 0.315067
9 0.741842 0.680416 0.151928 0.253479
9 0.462577 0.660234 0.135639 0.249092
5 0.743941 0.233539 0.183177 0.328798
2 0.141096 0.254202 0.145846 0.284267
