3 0.531975 0.344303 0.106192 0.175689
16 0.417827 0.679159 0.115348 0.230548
6 0.420499 0.318171 0.119249 0.230555
2 0.114292 0.349097 0.088753 0.196007
16 0.539119 0.688954 0.131265 0.245279
3 0.647198 0.331225 0.121858 0.187715
6 0.308551 0.330863 0.105887 0.211060
10 0.308956 0.667071 0.106607 0.214368
16 0.681420 0.702349 0.154859 0.266607
2 0.204925 0.338304 0.101722 0.207153
10 0.129864 0.649333 0.082717 0.195439
13 0.212509 0.659489 0.094475 0.207576
10 0.213144 0.658687 0.095697 0.208140
2 0.777589 0.324193 0.135387 0.195011
2 0.918413 0.309289 0.147561 0.211387
7 0.115391 0.348217 0.088207 0.194282
7 0.776387 0.323648 0.135080 0.193160
13 0.128367 0.649856 0.081943 0.195075
