6 0.407471 0.156339 0.097619 0.192076
3 0.496190 0.179466 0.083053 0.137241
5 0.269774 0.720564 0.093265 0.183240
16 0.600828 0.452060 0.107893 0.189422
16 0.406167 0.450017 0.091826 0.175589
5 0.179387 0.713262 0.094138 0.177373
16 0.498663 0.451049 0.096875 0.183623
1 0.466165 0.751224 0.108658 0.200713
10 0.162946 0.447163 0.076625 0.159213
6 0.316240 0.172148 0.088300 0.171536
3 0.582517 0.167993 0.088963 0.144961
5 0.364575 0.736489 0.098875 0.188120
2 0.227106 0.176163 0.090821 0.172757
2 0.146667 0.184005 0.078580 0.167641
10 0.237888 0.446765 0.080885 0.166520
1 0.574669 0.760140 0.121217 0.202543
13 0.236937 0.447038 0.080458 0.165236
10 0.317520 0.448770 0.089537 0.170410
