10 0.889820 0.710566 0.164708 0.325740
1 0.239032 0.711067 0.161654 0.319581
2 0.398726 0.709449 0.160744 0.319544
1 0.400733 0.709602 0.159640 0.318769
13 0.725963 0.712880 0.168327 0.325853
1 0.079600 0.710865 0.159199 0.322022
13 0.562575 0.711586 0.163808 0.324137
5 0.079642 0.709357 0.158504 0.323159
1 0.549742 0.264705 0.163300 0.323714
2 0.079962 0.709696 0.159745 0.320551
10 0.984857 0.714249 0.030103 0.340293
2 0.239199 0.711319 0.163239 0.321975
0 0.387391 0.264770 0.159028 0.324148
1 0.388131 0.265672 0.161046 0.324485
5 0.399112 0.708912 0.161442 0.318258
