12 0.777650 0.741814 0.074628 0.194568
24 0.424380 0.301002 0.078750 0.145512
35 0.495988 0.519869 0.091289 0.187957
3 0.750355 0.322955 0.058824 0.123556
12 0.849282 0.730001 0.071817 0.185271
24 0.499765 0.306853 0.071327 0.139103
10 0.812459 0.506495 0.062943 0.151420
18 0.189172 0.861556 0.160118 0.274393
5 0.691546 0.755805 0.092963 0.216647
20 0.242079 0.278519 0.101472 0.175840
20 0.338474 0.287504 0.093225 0.169444
9 0.917132 0.712012 0.068637 0.176113
9 0.848903 0.727546 0.072890 0.185662
17 0.188269 0.859214 0.158271 0.274469
10 0.977115 0.328404 0.045703 0.128433
3 0.812646 0.316248 0.062643 0.130328
12 0.977939 0.331098 0.044121 0.121674
3 0.693663 0.321448 0.058467 0.124414
2 0.813835 0.318949 0.065850 0.135262
12 0.974566 0.700618 0.050868 0.171959
