11 0.542318 0.663086 0.128906 0.134766
11 0.546224 0.853027 0.126302 0.139648
7 0.229818 0.065918 0.108073 0.112305
7 0.801432 0.097656 0.095052 0.105469
3 0.332031 0.073730 0.106771 0.110352
3 0.431641 0.077148 0.095052 0.113281
3 0.526693 0.080566 0.095052 0.112305
3 0.621745 0.084961 0.092448 0.111328
3 0.714193 0.092773 0.089844 0.113281
13 0.736328 0.280762 0.102865 0.131836
12 0.667969 0.655273 0.117188 0.142578
4 0.419922 0.867188 0.134115 0.123047
4 0.289062 0.880859 0.138021 0.126953
11 0.669271 0.851074 0.117188 0.120117
14 0.788411 0.837891 0.115885 0.130859
14 0.901693 0.827148 0.113281 0.123047
