16 0.724826 0.740741 0.140129 0.254630
16 0.585938 0.735780 0.137649 0.251323
16 0.453249 0.730820 0.132688 0.251323
10 0.318700 0.726687 0.133929 0.246362
13 0.192832 0.720073 0.127728 0.243056
10 0.064484 0.718419 0.128968 0.243056
2 0.066344 0.342262 0.132688 0.244709
2 0.197173 0.342262 0.136409 0.254630
6 0.332961 0.349702 0.132688 0.243056
6 0.466270 0.344742 0.131448 0.249669
3 0.585938 0.385251 0.107887 0.171958
3 0.697545 0.381944 0.115327 0.178571
7 0.812905 0.385785 0.110969 0.179735
7 0.930577 0.384792 0.116927 0.183707
