36 0.337803 0.441413 0.092581 0.161410
22 0.798519 0.192986 0.115574 0.223636
10 0.707624 0.661179 0.099296 0.192732
2 0.402201 0.674537 0.108965 0.201742
3 0.588766 0.448846 0.077262 0.133022
23 0.362335 0.195343 0.113004 0.210669
13 0.608565 0.664685 0.099747 0.190395
35 0.576064 0.205300 0.102550 0.197828
6 0.507157 0.668940 0.102961 0.196396
16 0.805094 0.656470 0.096432 0.185669
19 0.247238 0.189687 0.120921 0.222521
20 0.245638 0.441314 0.096527 0.167881
39 0.471417 0.203104 0.104631 0.200587
15 0.757992 0.904341 0.106883 0.191317
