36 0.403297 0.486320 0.079251 0.145248
2 0.453208 0.697083 0.095775 0.188467
35 0.594442 0.291214 0.081893 0.160939
22 0.765760 0.285908 0.087187 0.179433
16 0.787137 0.667766 0.075858 0.161408
3 0.613596 0.491882 0.064136 0.115310
19 0.320890 0.264698 0.107006 0.192248
10 0.709400 0.675911 0.078156 0.166731
23 0.421663 0.277064 0.093865 0.175537
6 0.544988 0.690943 0.089369 0.180892
20 0.321929 0.487201 0.085561 0.153520
13 0.629661 0.682366 0.081779 0.170440
39 0.511017 0.284965 0.084844 0.168260
15 0.753864 0.901267 0.086098 0.190278
9 0.664879 0.910277 0.095620 0.179447
34 0.448765 0.046437 0.112567 0.092875
