11 0.319651 0.616155 0.120707 0.134873
8 0.441497 0.616871 0.118276 0.133973
8 0.561672 0.616031 0.117282 0.133786
8 0.566327 0.768817 0.117572 0.121023
11 0.196206 0.618910 0.123275 0.137267
8 0.445566 0.769724 0.117504 0.120614
11 0.206091 0.772646 0.117627 0.118779
8 0.674394 0.940414 0.116452 0.116728
8 0.682738 0.616370 0.119684 0.132544
11 0.193918 0.942667 0.120911 0.113218
15 0.865230 0.766826 0.115081 0.116099
8 0.685039 0.767785 0.116772 0.120205
13 0.704728 0.097456 0.112790 0.131681
13 0.590946 0.097663 0.113568 0.130935
8 0.556132 0.942097 0.115286 0.114659
8 0.437670 0.941348 0.118836 0.116553
13 0.897084 0.096953 0.116080 0.138881
13 0.476943 0.096009 0.114260 0.133609
11 0.318468 0.942587 0.119862 0.113124
11 0.325806 0.770726 0.117418 0.118884
13 0.129070 0.093025 0.119961 0.137095
13 0.362067 0.095433 0.115226 0.134574
13 0.246028 0.095702 0.116835 0.134126
14 0.849758 0.940911 0.118925 0.117803
